# ID time  diameter x y z u v w  (ex ey ez, color)
34  0.01772  0.001 0.01639 0.01987 0.01843    0    0 -0.03
27  0.03207  0.001 0.01913 0.02014 0.01843    0    0 -0.03
9  0.03712  0.001 0.02059 0.02017 0.01843    0    0 -0.03
60  0.04095  0.001 0.01791 0.02168 0.01843    0    0 -0.03
21  0.05415  0.001 0.01711 0.01814 0.01843    0    0 -0.03
13  0.05477  0.001 0.01463 0.01945 0.01843    0    0 -0.03
7  0.06137  0.001 0.01673 0.01615 0.01843    0    0 -0.03
17  0.06867  0.001 0.02091 0.02027 0.01843    0    0 -0.03
43  0.06899  0.001 0.01482 0.01777 0.01843    0    0 -0.03
24  0.08593  0.001 0.01754 0.01674 0.01843    0    0 -0.03
52  0.09706  0.001 0.01943 0.02314 0.01843    0    0 -0.03
40  0.1065  0.001 0.0216 0.01895 0.01843    0    0 -0.03
61  0.1141  0.001 0.01517 0.01768 0.01843    0    0 -0.03
45  0.1198  0.001 0.02211 0.02042 0.01843    0    0 -0.03
20  0.1227  0.001 0.01962 0.01486 0.01843    0    0 -0.03
18  0.1322  0.001 0.01952 0.02012 0.01843    0    0 -0.03
33  0.1335  0.001 0.02169 0.01713 0.01843    0    0 -0.03
1  0.1359  0.001 0.02081 0.01787 0.01843    0    0 -0.03
58  0.1404  0.001 0.01666 0.02269 0.01843    0    0 -0.03
12  0.1457  0.001 0.01826 0.02318 0.01843    0    0 -0.03
25  0.1463  0.001 0.01985 0.01664 0.01843    0    0 -0.03
36  0.1542  0.001 0.02103 0.02112 0.01843    0    0 -0.03
5  0.1691  0.001 0.01997 0.01562 0.01843    0    0 -0.03
2  0.1705  0.001 0.01628 0.01757 0.01843    0    0 -0.03
10  0.1915  0.001 0.01808 0.02272 0.01843    0    0 -0.03
53  0.1966  0.001 0.02289 0.02038 0.01843    0    0 -0.03
62  0.2047  0.001 0.02153 0.02145 0.01843    0    0 -0.03
23  0.2084  0.001 0.01723 0.01959 0.01843    0    0 -0.03
39  0.211  0.001 0.02185 0.01815 0.01843    0    0 -0.03
42  0.2205  0.001 0.02035 0.01736 0.01843    0    0 -0.03
49  0.2219  0.001 0.01769 0.01745 0.01843    0    0 -0.03
57  0.2366  0.001 0.01552 0.01988 0.01843    0    0 -0.03
19  0.239  0.001 0.01712 0.02242 0.01843    0    0 -0.03
32  0.2608  0.001 0.01888 0.02229 0.01843    0    0 -0.03
74  0.2679  0.001 0.01815 0.02297 0.01843    0    0 -0.03
70  0.2714  0.001 0.02335 0.02054 0.01843    0    0 -0.03
30  0.2762  0.001 0.01971 0.02318 0.01843    0    0 -0.03
41  0.2828  0.001 0.01653 0.01864 0.01843    0    0 -0.03
35  0.2869  0.001 0.0186 0.01972 0.01843    0    0 -0.03
6  0.2877  0.001 0.01482 0.01773 0.01843    0    0 -0.03
64  0.2923  0.001 0.02031 0.01563 0.01843    0    0 -0.03
54  0.2998  0.001 0.01829 0.02213 0.01843    0    0 -0.03
38  0.3152  0.001 0.01873 0.0173 0.01843    0    0 -0.03
28  0.3241  0.001 0.01948 0.01647 0.01843    0    0 -0.03
50  0.3318  0.001 0.02131 0.02105 0.01843    0    0 -0.03
31  0.3445  0.001 0.01766 0.0201 0.01843    0    0 -0.03
29  0.3449  0.001 0.01702 0.01859 0.01843    0    0 -0.03
65  0.3493  0.001 0.02053 0.01565 0.01843    0    0 -0.03
4  0.3573  0.001 0.01626 0.01686 0.01843    0    0 -0.03
68  0.3684  0.001 0.0222 0.02101 0.01843    0    0 -0.03
37  0.3704  0.001 0.01944 0.01617 0.01843    0    0 -0.03
47  0.3822  0.001 0.02229 0.01842 0.01843    0    0 -0.03
59  0.3846  0.001 0.02068 0.01794 0.01843    0    0 -0.03
8  0.39  0.001 0.02325 0.01895 0.01843    0    0 -0.03
16  0.3921  0.001 0.0164 0.01659 0.01843    0    0 -0.03
3  0.3979  0.001 0.02304 0.02012 0.01843    0    0 -0.03
69  0.4002  0.001 0.0174 0.0211 0.01843    0    0 -0.03
14  0.409  0.001 0.01703 0.02308 0.01843    0    0 -0.03
11  0.4182  0.001 0.01504 0.01872 0.01843    0    0 -0.03
51  0.4278  0.001 0.01577 0.01801 0.01843    0    0 -0.03
66  0.4369  0.001 0.02205 0.01867 0.01843    0    0 -0.03
44  0.4394  0.001 0.01863 0.01723 0.01843    0    0 -0.03
15  0.4411  0.001 0.02053 0.01703 0.01843    0    0 -0.03
46  0.4469  0.001 0.01998 0.02162 0.01843    0    0 -0.03
75  0.4525  0.001 0.01804 0.0197 0.01843    0    0 -0.03
56  0.457  0.001 0.0234 0.01844 0.01843    0    0 -0.03
73  0.4616  0.001 0.01833 0.02209 0.01843    0    0 -0.03
48  0.4689  0.001 0.02045 0.01485 0.01843    0    0 -0.03
55  0.4808  0.001 0.02214 0.02212 0.01843    0    0 -0.03
72  0.4897  0.001 0.01511 0.01696 0.01843    0    0 -0.03
26  0.4913  0.001 0.01705 0.02098 0.01843    0    0 -0.03
67  0.4993  0.001 0.02234 0.01837 0.01843    0    0 -0.03
22  0.5026  0.001 0.01862 0.01522 0.01843    0    0 -0.03
71  0.509  0.001 0.01692 0.01946 0.01843    0    0 -0.03
63  0.5135  0.001 0.02206 0.02045 0.01843    0    0 -0.03
106  0.5265  0.001 0.01501 0.0202 0.01843    0    0 -0.03
144  0.5291  0.001 0.01837 0.0211 0.01843    0    0 -0.03
92  0.5337  0.001 0.01659 0.02234 0.01843    0    0 -0.03
122  0.5356  0.001 0.02023 0.02212 0.01843    0    0 -0.03
120  0.5381  0.001 0.02036 0.01752 0.01843    0    0 -0.03
84  0.5471  0.001 0.01894 0.01545 0.01843    0    0 -0.03
96  0.5535  0.001 0.01697 0.01686 0.01843    0    0 -0.03
108  0.5542  0.001 0.02163 0.01831 0.01843    0    0 -0.03
149  0.5544  0.001 0.0201 0.01543 0.01843    0    0 -0.03
137  0.5562  0.001 0.01795 0.01557 0.01843    0    0 -0.03
141  0.5631  0.001 0.01952 0.01848 0.01843    0    0 -0.03
107  0.5639  0.001 0.01872 0.02302 0.01843    0    0 -0.03
109  0.572  0.001 0.0202 0.02018 0.01843    0    0 -0.03
113  0.573  0.001 0.01545 0.0212 0.01843    0    0 -0.03
110  0.5976  0.001 0.01617 0.01891 0.01843    0    0 -0.03
125  0.5988  0.001 0.02111 0.01615 0.01843    0    0 -0.03
102  0.6077  0.001 0.01883 0.0192 0.01843    0    0 -0.03
104  0.6083  0.001 0.01871 0.02356 0.01843    0    0 -0.03
89  0.6105  0.001 0.0211 0.02097 0.01843    0    0 -0.03
105  0.618  0.001 0.01616 0.01567 0.01843    0    0 -0.03
91  0.6346  0.001 0.01611 0.01765 0.01843    0    0 -0.03
133  0.636  0.001 0.02157 0.02285 0.01843    0    0 -0.03
81  0.6556  0.001 0.02044 0.01858 0.01843    0    0 -0.03
134  0.6719  0.001 0.02107 0.01709 0.01843    0    0 -0.03
87  0.6721  0.001 0.01688 0.01696 0.01843    0    0 -0.03
118  0.6764  0.001 0.02296 0.01804 0.01843    0    0 -0.03
116  0.6768  0.001 0.01763 0.0152 0.01843    0    0 -0.03
123  0.6784  0.001 0.01871 0.01898 0.01843    0    0 -0.03
121  0.6788  0.001 0.0216 0.01586 0.01843    0    0 -0.03
95  0.7185  0.001 0.02038 0.02328 0.01843    0    0 -0.03
114  0.7248  0.001 0.0173 0.0233 0.01843    0    0 -0.03
145  0.7397  0.001 0.01884 0.02237 0.01843    0    0 -0.03
130  0.7423  0.001 0.01968 0.01637 0.01843    0    0 -0.03
79  0.747  0.001 0.02127 0.02095 0.01843    0    0 -0.03
128  0.7485  0.001 0.02047 0.0195 0.01843    0    0 -0.03
117  0.7492  0.001 0.01842 0.02092 0.01843    0    0 -0.03
139  0.7534  0.001 0.01864 0.01738 0.01843    0    0 -0.03
115  0.7593  0.001 0.01616 0.02247 0.01843    0    0 -0.03
129  0.7609  0.001 0.01603 0.01891 0.01843    0    0 -0.03
146  0.765  0.001 0.01709 0.01522 0.01843    0    0 -0.03
93  0.7689  0.001 0.01747 0.0199 0.01843    0    0 -0.03
147  0.774  0.001 0.01953 0.01867 0.01843    0    0 -0.03
86  0.7773  0.001 0.01984 0.01551 0.01843    0    0 -0.03
99  0.7819  0.001 0.01822 0.02322 0.01843    0    0 -0.03
94  0.7848  0.001 0.01789 0.01638 0.01843    0    0 -0.03
135  0.7951  0.001 0.02356 0.01891 0.01843    0    0 -0.03
140  0.8027  0.001 0.01684 0.01964 0.01843    0    0 -0.03
101  0.8077  0.001 0.01587 0.0178 0.01843    0    0 -0.03
103  0.8119  0.001 0.01737 0.02071 0.01843    0    0 -0.03
82  0.8211  0.001 0.01815 0.02239 0.01843    0    0 -0.03
97  0.8256  0.001 0.0159 0.02084 0.01843    0    0 -0.03
112  0.8296  0.001 0.01747 0.01859 0.01843    0    0 -0.03
89  0.8342  0.001 0.02178 0.01996 0.01843 0.007121 -0.03606 -0.09166
79  0.8474  0.001 0.02129 0.01963 0.01843 -0.005719 -0.06779 -0.2831
120  0.8499  0.001 0.01744 0.01597 0.01843 -0.06619 -0.1304 -0.2259
136  0.85  0.001 0.01876 0.02127 0.01843    0    0 -0.03
80  0.8554  0.001 0.01688 0.0213 0.01843    0    0 -0.03
148  0.8566  0.001 0.0162 0.01826 0.01843    0    0 -0.03
142  0.8648  0.001 0.02314 0.01765 0.01843    0    0 -0.03
76  0.8696  0.001 0.01562 0.02101 0.01843    0    0 -0.03
98  0.8721  0.001 0.02262 0.01886 0.01843    0    0 -0.03
111  0.875  0.001 0.01639 0.01582 0.01843    0    0 -0.03
126  0.8768  0.001 0.01744 0.01849 0.01843    0    0 -0.03
78  0.9043  0.001 0.0198 0.02115 0.01843    0    0 -0.03
150  0.9074  0.001 0.0228 0.02163 0.01843    0    0 -0.03
124  0.9214  0.001 0.02183 0.01624 0.01843    0    0 -0.03
83  0.9277  0.001 0.01999 0.02003 0.01843    0    0 -0.03
88  0.9301  0.001 0.01595 0.01801 0.01843    0    0 -0.03
119  0.9463  0.001 0.01754 0.02335 0.01843    0    0 -0.03
132  0.953  0.001 0.01898 0.02029 0.01843    0    0 -0.03
90  0.9595  0.001 0.01851 0.01681 0.01843    0    0 -0.03
100  0.9821  0.001 0.02119 0.02175 0.01843    0    0 -0.03
77  0.9915  0.001 0.01958 0.02208 0.01843    0    0 -0.03
143  0.9978  0.001 0.01989 0.01651 0.01843    0    0 -0.03
85  0.999  0.001 0.01635 0.01953 0.01843    0    0 -0.03
127  1.001  0.001 0.02103 0.02089 0.01843    0    0 -0.03
131  1.002  0.001 0.0197 0.01944 0.01843    0    0 -0.03
138  1.016  0.001 0.02133 0.01814 0.01843    0    0 -0.03
177  1.021  0.001 0.01563 0.01933 0.01843    0    0 -0.03
162  1.023  0.001 0.02088 0.01981 0.01843    0    0 -0.03
151  1.027  0.001 0.02088 0.02226 0.01843    0    0 -0.03
205  1.028  0.001 0.01813 0.01548 0.01843    0    0 -0.03
157  1.028  0.001 0.01647 0.02102 0.01843    0    0 -0.03
155  1.03  0.001 0.01488 0.01786 0.01843    0    0 -0.03
163  1.035  0.001 0.01816 0.02008 0.01843    0    0 -0.03
191  1.041  0.001 0.02293 0.02082 0.01843    0    0 -0.03
206  1.052  0.001 0.0163 0.01863 0.01843    0    0 -0.03
195  1.056  0.001 0.02201 0.0177 0.01843    0    0 -0.03
80  1.058  0.001 0.01726 0.02337 0.01843 0.03788 0.01642 -0.01047
196  1.061  0.001 0.01973 0.01501 0.01843    0    0 -0.03
68  1.063  0.001 0.02265 0.02154 0.01789 0.07922 -0.02511 0.2966
213  1.064  0.001 0.01732 0.01709 0.01843    0    0 -0.03
222  1.078  0.001 0.0179 0.01556 0.01843    0    0 -0.03
191  1.081  0.001 0.01877 0.02381 0.01843 -0.2354 0.03273 -0.09594
188  1.083  0.001 0.0234 0.02 0.01843    0    0 -0.03
208  1.083  0.001 0.0213 0.01657 0.01843    0    0 -0.03
28  1.089  0.001 0.02023 0.01509 0.01843 -0.06383 0.1381 -0.04825
55  1.089  0.001 0.02242 0.02227 0.01843 -0.06383 0.004344 -0.2302
89  1.092  0.001 0.02129 0.01517 0.01843 -0.01898 -0.00512 -0.1248
173  1.111  0.001 0.01803 0.01874 0.01843    0    0 -0.03
214  1.111  0.001 0.0207 0.01582 0.01843    0    0 -0.03
68  1.112  0.001 0.02398 0.01775 0.01803 -0.1142 0.01872 -0.1812
215  1.115  0.001 0.02124 0.01752 0.01843    0    0 -0.03
198  1.116  0.001 0.02328 0.01916 0.01843    0    0 -0.03
175  1.123  0.001 0.01517 0.02014 0.01843    0    0 -0.03
3  1.137  0.001 0.01868 0.01512 0.01843 -0.05798 0.006101 -0.2347
160  1.141  0.001 0.01716 0.02143 0.01843    0    0 -0.03
168  1.143  0.001 0.02311 0.01818 0.01843    0    0 -0.03
201  1.144  0.001 0.02043 0.0181 0.01843    0    0 -0.03
179  1.145  0.001 0.02045 0.01613 0.01843    0    0 -0.03
185  1.147  0.001 0.02044 0.01975 0.01843    0    0 -0.03
174  1.149  0.001 0.01485 0.01799 0.01843    0    0 -0.03
210  1.152  0.001 0.01545 0.01635 0.01843    0    0 -0.03
224  1.159  0.001 0.01555 0.02204 0.01843    0    0 -0.03
203  1.17  0.001 0.02037 0.01475 0.01843    0    0 -0.03
166  1.189  0.001 0.02194 0.01688 0.01843    0    0 -0.03
3  1.193  0.001 0.01517 0.01728 0.01843 0.04141 -0.5853 -0.5843
33  1.197  0.001 0.01666 0.01706 0.01789 -0.0367  0.3 0.4013
187  1.207  0.001 0.01912 0.0195 0.01843    0    0 -0.03
193  1.211  0.001 0.01704 0.01575 0.01843    0    0 -0.03
182  1.212  0.001 0.01778 0.02281 0.01843    0    0 -0.03
156  1.212  0.001 0.01853 0.0157 0.01843    0    0 -0.03
161  1.213  0.001 0.01618 0.01691 0.01843    0    0 -0.03
205  1.213  0.001 0.02167 0.02036 0.01843 0.01138 0.1524 -0.2023
153  1.213  0.001 0.0196 0.0204 0.01843    0    0 -0.03
212  1.214  0.001 0.02063 0.022 0.01843    0    0 -0.03
225  1.215  0.001 0.01457 0.01927 0.01843    0    0 -0.03
197  1.217  0.001 0.02066 0.01944 0.01843    0    0 -0.03
170  1.226  0.001 0.01495 0.01817 0.01843    0    0 -0.03
202  1.241  0.001 0.0233 0.0203 0.01843    0    0 -0.03
211  1.249  0.001 0.01976 0.01616 0.01843    0    0 -0.03
209  1.25  0.001 0.02125 0.01911 0.01843    0    0 -0.03
152  1.25  0.001 0.01667 0.02145 0.01843    0    0 -0.03
183  1.25  0.001 0.0176 0.02316 0.01843    0    0 -0.03
195  1.255  0.001 0.02073 0.02228 0.01843 -0.09494 0.2325 -0.1391
221  1.263  0.001 0.01965 0.01918 0.01843    0    0 -0.03
165  1.266  0.001 0.0183 0.01678 0.01843    0    0 -0.03
226  1.271  0.001 0.01884 0.02323 0.01843    0    0 -0.03
171  1.282  0.001 0.01543 0.01798 0.01843    0    0 -0.03
194  1.282  0.001 0.02067 0.01857 0.01843    0    0 -0.03
142  1.291  0.001 0.02273 0.02079 0.01843 -0.09836 -0.06072 -0.186
219  1.293  0.001 0.02269 0.01654 0.01843    0    0 -0.03
167  1.303  0.001 0.02181 0.01962 0.01843    0    0 -0.03
22  1.303  0.001 0.01616 0.02127 0.01843 0.1227 -0.09089 -0.3505
181  1.304  0.001 0.02097 0.01708 0.01843    0    0 -0.03
168  1.314  0.001 0.02329 0.0219 0.01793 -0.08722 -0.03274 -0.1592
204  1.322  0.001 0.01698 0.01854 0.01843    0    0 -0.03
184  1.324  0.001 0.01955 0.02079 0.01843    0    0 -0.03
188  1.326  0.001 0.0149 0.01642 0.01843 0.03612 0.08177 -0.2627
198  1.334  0.001 0.01431 0.01984 0.01843 0.1689 -0.02428 -0.1807
164  1.336  0.001 0.01656 0.01692 0.01843    0    0 -0.03
140  1.338  0.001 0.02144 0.02045 0.01843 0.2643 -0.1392 -0.3111
158  1.345  0.001 0.017 0.02139 0.01843    0    0 -0.03
33  1.345  0.001 0.02052 0.02078 0.01843 0.03571 0.01589 -0.02112
202  1.345  0.001 0.02391 0.01977 0.01789 -0.08008 0.09926 0.08108
217  1.355  0.001 0.0172 0.02031 0.01843    0    0 -0.03
140  1.367  0.001 0.02176 0.02043 0.01843 -0.001627 -0.0009938 -0.1515
189  1.367  0.001 0.021 0.01928 0.01843    0    0 -0.03
159  1.37  0.001 0.01984 0.02264 0.01843    0    0 -0.03
139  1.375  0.001 0.0217 0.02293 0.01843 -0.008229 -0.05213 -0.2246
150  1.378  0.001 0.02269 0.01547 0.01802 -0.1577 0.1598 -0.4287
216  1.39  0.001 0.02136 0.01577 0.01843    0    0 -0.03
78  1.395  0.001 0.01932 0.02409 0.01843 0.06021 0.08875 -0.1528
207  1.398  0.001 0.0211 0.01768 0.01843    0    0 -0.03
77  1.401  0.001 0.01858 0.02212 0.01843 -0.05503 -0.1089 -0.3002
181  1.401  0.001 0.01547 0.01719 0.01843 0.1441 0.03608 -0.07905
172  1.401  0.001 0.01568 0.0187 0.01843    0    0 -0.03
201  1.403  0.001 0.0201 0.01946 0.01843 -0.0554 -0.05855 -0.04034
94  1.405  0.001 0.01956 0.01652 0.01843 -0.0768 0.2739 -0.2997
83  1.405  0.001 0.02214 0.02218 0.01843 0.2426 -0.04056 -0.2493
180  1.412  0.001 0.0201 0.01536 0.01843    0    0 -0.03
127  1.417  0.001 0.02195 0.02132 0.01843 0.01694 0.04692 -0.04076
67  1.423  0.001 0.01949 0.0223 0.01843 -0.03691 0.0005497 -0.04395
200  1.424  0.001 0.022 0.02034 0.01843    0    0 -0.03
147  1.428  0.001 0.01977 0.01609 0.01843 -0.04961 -0.188 -0.05352
33  1.431  0.001 0.01622 0.01609 0.01843 -0.0775 -0.1622 -0.1505
154  1.434  0.001 0.01853 0.02202 0.01843    0    0 -0.03
185  1.436  0.001 0.02414 0.01861 0.01832 -0.08048 -0.0004395 -0.09955
28  1.438  0.001 0.02081 0.018 0.01843 0.04543 -0.04676 -0.1213
182  1.441  0.001 0.01584 0.02302 0.018 0.03722 -0.02492 0.01408
213  1.444  0.001 0.01677 0.01548 0.01843 0.04517 0.1117 -0.1237
199  1.447  0.001 0.01941 0.01807 0.01843    0    0 -0.03
132  1.449  0.001 0.02032 0.02105 0.01843 -0.03213 -0.07325 -0.1354
212  1.449  0.001 0.0203 0.024 0.01824 0.01286 -0.02228 -0.02103
220  1.45  0.001 0.02103 0.02249 0.01843    0    0 -0.03
186  1.45  0.001 0.02247 0.01982 0.01843    0    0 -0.03
79  1.45  0.001 0.01895 0.01501 0.01843 -0.0004884 0.1338 -0.1451
190  1.452  0.001 0.01767 0.02069 0.01843    0    0 -0.03
192  1.461  0.001 0.01876 0.01662 0.01843    0    0 -0.03
207  1.468  0.001 0.01734 0.02022 0.01843 0.1619 -0.0458 -0.2416
169  1.471  0.001 0.01809 0.02195 0.01843    0    0 -0.03
81  1.479  0.001 0.01756 0.01536 0.01843 0.01449 0.1133 -0.3332
38  1.484  0.001 0.01888 0.02349 0.01788 0.01116 -0.04 0.1455
186  1.484  0.001 0.02127 0.01657 0.01843 -0.008006 0.2656 -0.161
223  1.494  0.001 0.02161 0.01895 0.01843    0    0 -0.03
169  1.494  0.001 0.01723 0.02224 0.01843 -0.05394 0.00267 -0.05374
178  1.498  0.001 0.0212 0.01539 0.01843    0    0 -0.03
176  1.504  0.001 0.01899 0.02345 0.01843    0    0 -0.03
218  1.504  0.001 0.01543 0.02166 0.01843    0    0 -0.03
140  1.519  0.001 0.01952 0.0239 0.01843 -0.02976 -0.1148 -0.4427
262  1.523  0.001 0.01484 0.01752 0.01843    0    0 -0.03
279  1.525  0.001 0.01948 0.02148 0.01843    0    0 -0.03
293  1.53  0.001 0.01654 0.01597 0.01843    0    0 -0.03
264  1.538  0.001 0.0201 0.01537 0.01843    0    0 -0.03
132  1.541  0.001 0.0191 0.01713 0.01843 -0.008467 -0.01683 -0.2271
266  1.543  0.001 0.0229 0.01804 0.01843    0    0 -0.03
29  1.553  0.001 0.02135 0.02148 0.01843 0.05185 0.002957 -0.4667
141  1.553  0.001 0.0229 0.01681 0.01843 -0.05375 0.0823 -0.2319
270  1.559  0.001 0.01902 0.02273 0.01843    0    0 -0.03
90  1.561  0.001 0.02042 0.01421 0.01843 -0.1246 0.05325 -0.2442
235  1.567  0.001 0.01965 0.01827 0.01843    0    0 -0.03
294  1.576  0.001 0.0202 0.02347 0.01843    0    0 -0.03
122  1.589  0.001 0.02107 0.02176 0.01792 0.2683 -0.3048 0.8392
263  1.59  0.001 0.01609 0.02165 0.01843    0    0 -0.03
267  1.591  0.001 0.01808 0.01685 0.01843    0    0 -0.03
275  1.593  0.001 0.01511 0.01726 0.01843    0    0 -0.03
250  1.597  0.001 0.01988 0.02079 0.01843    0    0 -0.03
233   1.6  0.001 0.01578 0.01975 0.01843    0    0 -0.03
176  1.601  0.001 0.01933 0.022 0.01843 0.1171 0.04471 -0.1862
268  1.601  0.001 0.02006 0.01532 0.01843    0    0 -0.03
199  1.602  0.001 0.01725 0.01687 0.01843 -0.0651 -0.1626 -0.0893
176  1.611  0.001 0.01962 0.02296 0.01843 0.3386 0.0467 -0.6883
191  1.611  0.001 0.0173 0.02375 0.01789 -0.1732 -0.4728 0.4295
166  1.612  0.001 0.02224 0.01528 0.0179 -0.1781 -0.08718 0.7467
71  1.613  0.001 0.01735 0.01842 0.01843 -0.08984 0.01298 -0.1376
38  1.615  0.001 0.01638 0.01683 0.01843 -0.01505 -0.02138 -0.1464
77  1.616  0.001 0.01582 0.01962 0.01843 -0.06517 -0.01637 -0.09136
270  1.618  0.001 0.0183 0.0218 0.01843 0.1299 -0.105 -0.09198
144  1.619  0.001 0.01604 0.02051 0.01843 -0.08599 -0.07289 -0.02734
237  1.637  0.001 0.01795 0.01586 0.01843    0    0 -0.03
238  1.637  0.001 0.01694 0.02189 0.01843    0    0 -0.03
292  1.64  0.001 0.01773 0.0177 0.01843    0    0 -0.03
255  1.644  0.001 0.01719 0.02313 0.01843    0    0 -0.03
226  1.645  0.001 0.01675 0.02357 0.01788 1.023 -0.9689 1.199
271  1.645  0.001 0.01647 0.0162 0.01843    0    0 -0.03
230  1.65  0.001 0.01836 0.02136 0.01843    0    0 -0.03
279  1.65  0.001 0.02201 0.01751 0.01843 0.04816 -0.004445 -0.05855
116  1.651  0.001 0.01659 0.01546 0.01843 0.04594 0.003156 -0.15
299  1.653  0.001 0.02195 0.01639 0.01843    0    0 -0.03
265  1.658  0.001 0.01919 0.0236 0.01843    0    0 -0.03
61  1.659  0.001 0.01886 0.0185 0.01843 -0.0949 -0.1048 -0.07492
41  1.66  0.001 0.01466 0.01646 0.01819 0.07611 0.0737 -0.00243
232  1.665  0.001 0.01619 0.02008 0.01843    0    0 -0.03
272  1.667  0.001 0.02155 0.01829 0.01843    0    0 -0.03
129  1.668  0.001 0.02216 0.02302 0.01843 0.06462 -0.06558 -0.1296
178  1.669  0.001 0.02139 0.01495 0.01843 -0.04684 0.03502 -0.4831
226  1.669  0.001 0.0217 0.02043 0.01843 -0.0757 -0.002914 -0.2768
127  1.674  0.001 0.0198 0.01545 0.01843 -0.2582 0.02962 -0.2989
250  1.678  0.001 0.02146 0.01736 0.01843 0.1196 -0.03711 -0.2845
110  1.679  0.001 0.02054 0.01955 0.01843 0.007656 0.0373 -0.1573
243  1.68  0.001 0.02263 0.01883 0.01843    0    0 -0.03
296  1.68  0.001 0.02018 0.01805 0.01843    0    0 -0.03
154  1.684  0.001 0.01737 0.02017 0.01843 -0.1045 -0.005866 -0.2256
212  1.686  0.001 0.01997 0.02189 0.01843 0.04166 -0.1353 -0.1854
278  1.693  0.001 0.01954 0.02066 0.01843    0    0 -0.03
221  1.694  0.001 0.01732 0.01564 0.01843 0.08928 0.08748 -0.1914
276  1.706  0.001 0.01594 0.01794 0.01843    0    0 -0.03
279  1.721  0.001 0.02389 0.01743 0.01805 -0.03219 -0.03107 -0.003948
270  1.721  0.001 0.0157 0.01717 0.01843 0.01485 -0.03897 -0.09775
220  1.73  0.001 0.02181 0.02104 0.01789 0.7202 -0.8633 1.024
109  1.734  0.001 0.02071 0.02179 0.01843 -0.1738 -0.157 -0.6429
285  1.735  0.001 0.01722 0.01803 0.01843    0    0 -0.03
243  1.735  0.001 0.02404 0.01935 0.01843 -0.05191 -0.03087 -0.1589
257  1.739  0.001 0.02167 0.02044 0.01843    0    0 -0.03
226  1.743  0.001 0.01673 0.02095 0.01843 -0.08867 0.2496 -0.5912
178  1.744  0.001 0.0229 0.01706 0.01843 0.03047 0.00693 -0.2872
48  1.745  0.001 0.02098 0.01477 0.01843 -0.08665 0.06161 -0.1115
178  1.751  0.001 0.02237 0.01692 0.01843 -0.08028 -0.02144 -0.02355
109  1.751  0.001 0.0211 0.02068 0.01843 0.001089 -0.05645 -0.09007
281  1.752  0.001 0.01771 0.01514 0.01843    0    0 -0.03
291  1.755  0.001 0.01622 0.01644 0.01843    0    0 -0.03
80  1.76  0.001 0.01652 0.02056 0.01843 -0.1223 -0.1334 -0.08582
244  1.763  0.001 0.02016 0.02316 0.01843    0    0 -0.03
286  1.766  0.001 0.0195 0.01699 0.01843    0    0 -0.03
261  1.786  0.001 0.02055 0.0176 0.01843    0    0 -0.03
258  1.794  0.001 0.02219 0.02125 0.01843    0    0 -0.03
298  1.799  0.001 0.01606 0.01978 0.01843    0    0 -0.03
300  1.801  0.001 0.01518 0.02089 0.01843    0    0 -0.03
129  1.801  0.001 0.02036 0.02343 0.01843 -0.04245 -0.1239 -0.1906
176  1.804  0.001 0.02408 0.01821 0.01791 -0.1939 0.2862 -0.2698
274  1.807  0.001 0.0213 0.02224 0.01843    0    0 -0.03
246  1.818  0.001 0.01715 0.01514 0.01843    0    0 -0.03
234  1.822  0.001 0.01783 0.01705 0.01843    0    0 -0.03
247  1.825  0.001 0.01931 0.01853 0.01843    0    0 -0.03
252  1.83  0.001 0.01967 0.01625 0.01843    0    0 -0.03
241  1.831  0.001 0.02201 0.01985 0.01843    0    0 -0.03
14  1.834  0.001 0.01433 0.01712 0.01794 0.06443 0.009835 -0.1332
277  1.837  0.001 0.01497 0.01833 0.01843    0    0 -0.03
251  1.84  0.001 0.01576 0.0207 0.01843    0    0 -0.03
229  1.842  0.001 0.01809 0.01841 0.01843    0    0 -0.03
280  1.845  0.001 0.02149 0.01852 0.01843    0    0 -0.03
283  1.846  0.001 0.01602 0.01569 0.01843    0    0 -0.03
245  1.85  0.001 0.02069 0.02323 0.01843    0    0 -0.03
287  1.851  0.001 0.01844 0.0214 0.01843    0    0 -0.03
269  1.853  0.001 0.02068 0.017 0.01843    0    0 -0.03
256  1.855  0.001 0.02087 0.02195 0.01843    0    0 -0.03
253  1.86  0.001 0.01849 0.02026 0.01843    0    0 -0.03
284  1.861  0.001 0.01489 0.01935 0.01843    0    0 -0.03
34  1.864  0.001 0.02397 0.01976 0.01843 -0.1403 -0.02217 -0.1279
231  1.869  0.001 0.02158 0.01753 0.01843    0    0 -0.03
239  1.877  0.001 0.01937 0.02316 0.01843    0    0 -0.03
289  1.881  0.001 0.02102 0.01621 0.01843    0    0 -0.03
259  1.887  0.001 0.0174 0.02303 0.01843    0    0 -0.03
260  1.889  0.001 0.01967 0.0186 0.01843    0    0 -0.03
227  1.897  0.001 0.01889 0.02041 0.01843    0    0 -0.03
254  1.904  0.001 0.01736 0.01864 0.01843    0    0 -0.03
249  1.908  0.001 0.01572 0.01929 0.01843    0    0 -0.03
236  1.918  0.001 0.01918 0.02217 0.01843    0    0 -0.03
282  1.928  0.001 0.01855 0.01842 0.01843    0    0 -0.03
288  1.934  0.001 0.01887 0.01494 0.01843    0    0 -0.03
248  1.934  0.001 0.02294 0.01818 0.01843    0    0 -0.03
242  1.95  0.001 0.02003 0.02198 0.01843    0    0 -0.03
300  1.963  0.001 0.01965 0.02391 0.01843 -0.02811 -0.07913 -0.1505
240  1.967  0.001 0.01714 0.01984 0.01843    0    0 -0.03
103  1.971  0.001 0.01727 0.02038 0.01789 -0.01056 -0.3605 0.4737
278  1.972  0.001 0.01537 0.02235 0.01788 -0.003149 -0.01124 0.2346
117  1.974  0.001 0.01737 0.02321 0.01789 0.04036 0.009175 0.2491
282  1.981  0.001 0.01992 0.01486 0.01843 0.03238 -0.2338 -0.04183
120  1.982  0.001 0.01675 0.01763 0.01843 -0.08728 -0.106 -0.1075
104  1.985  0.001 0.01986 0.01814 0.01843 -0.06997 0.06605 -0.09606
228  1.989  0.001 0.02089 0.01773 0.01843    0    0 -0.03
242  1.99  0.001 0.02293 0.02136 0.01843 0.08753 -0.03605 -0.04192
285  1.991  0.001 0.0185 0.01683 0.01843 -0.04887 -0.02623 -0.08325
226  1.995  0.001 0.01861 0.02232 0.01843 -0.01105 -0.04388 -0.08529
290  1.998  0.001 0.01561 0.01644 0.01843    0    0 -0.03
183  1.999  0.001 0.01465 0.01962 0.01843 -0.02345 -0.07414 -0.1049
297  2.005  0.001 0.0198 0.02306 0.01843    0    0 -0.08116
273  2.007  0.001 0.01747 0.0179 0.01843    0    0 -0.09562
169  2.007  0.001 0.01512 0.01889 0.01843 -0.04385 -0.08716 -0.1179
172  2.007  0.001 0.01653 0.01645 0.01843 -0.01463 0.002962 -0.1509
293  2.008  0.001 0.01998 0.01403 0.01798 0.05626 0.05901 -0.2108
295  2.008  0.001 0.02036 0.01611 0.01843 0.02155 0.05253 -0.06648
278  2.017  0.001 0.01523 0.02184 0.01843 -0.003149 -0.01124 -0.2105
117  2.022  0.001 0.01932 0.02366 0.01843 0.04036 0.009175 -0.2265
31  2.029  0.001 0.02029 0.02232 0.01843 0.114 -0.02676 -0.08469
232  2.034  0.001 0.02212 0.01733 0.01843 -0.1117 0.05314 -0.265
114  2.04  0.001 0.01945 0.01964 0.01843 -0.02463 -0.1541 -0.1047
253  2.042  0.001 0.0236 0.01673 0.0179 -0.1238 0.01136 -0.144
259  2.064  0.001 0.01595 0.01537 0.01843 0.0799 0.0843 -0.3375
258  2.069  0.001 0.02236 0.02294 0.01811 -0.04945 -0.02845 0.4507
297  2.095  0.001 0.01904 0.01557 0.01843 0.1325 -0.05724 -0.3585
54  2.104  0.001 0.02243 0.01523 0.01809 -0.002222 0.08606 -0.1678
31  2.118  0.001 0.01589 0.01745 0.01843 0.104 0.08842 -0.1297
226  2.123  0.001 0.0155 0.01667 0.01843 0.09447 0.06462 -0.2937
189  2.141  0.001 0.01828 0.01975 0.01788 -0.02794 0.07565 0.3613
114  2.152  0.001 0.0161 0.0154 0.01843 0.05565 0.05979 -0.1038
189  2.163  0.001 0.01658 0.02129 0.01843 -0.1162 0.06382 -0.273
212  2.169  0.001 0.02337 0.0164 0.01789 0.05367 0.01778 0.07043
256  2.171  0.001 0.01848 0.01494 0.01843 0.06409 0.09106 -0.3863
296  2.172  0.001 0.01784 0.02326 0.01843 0.0238 -0.09226 -0.1675
208  2.177  0.001 0.01901 0.01843 0.01843 -0.06136 -0.07488 -0.2202
258  2.185  0.001 0.01959 0.02004 0.01843 0.03883 -0.01662 -0.2702
249  2.188  0.001 0.0159 0.01609 0.01788 0.08135 0.09658 0.2249
258  2.204  0.001 0.01859 0.0208 0.01843 -0.06894 0.05013 -0.0266
285  2.215  0.001 0.02051 0.01458 0.01843 0.006269 0.0918 -0.2531
249  2.231  0.001 0.01942 0.02027 0.01843 0.08135 0.09658 -0.1996
241  2.289  0.001 0.01974 0.02141 0.01843 -0.1043 0.01024 -0.09173
242  2.337  0.001 0.02403 0.01826 0.01789 -0.03432 -0.03457 0.0805
101  2.342  0.001 0.02409 0.01825 0.01839 -0.1592 0.00475 0.1623
287  2.348  0.001 0.02124 0.01598 0.01789 -0.3663 -0.1643 0.4389
46  2.355  0.001 0.02308 0.02116 0.01788 -0.1299 0.1887 0.8731
242  2.366  0.001 0.01844 0.01561 0.01843 -0.1927 -0.1038 -0.1144
253  2.371  0.001 0.01997 0.01725 0.01843 -0.08183 -0.03959 -0.09919
12  2.374  0.001 0.02036 0.01772 0.01843 -0.1229 -0.07194 -0.06074
250  2.377  0.001 0.0226 0.01952 0.01843 -0.04466 -0.009822 -0.06091
141  2.386  0.001 0.01516 0.02104 0.01843 -0.1691 -0.0148 -0.1978
295  2.393  0.001 0.02044 0.02083 0.01843 0.003326 0.0211 -0.0757
210  2.398  0.001 0.01802 0.02073 0.01843 -0.06128 0.03418 -0.06995
203   2.4  0.001 0.0187 0.01956 0.01843 -0.03037 -0.0594 -0.1307
116  2.406  0.001 0.01704 0.01993 0.01843 -0.005374 -0.04567 -0.1137
176  2.41  0.001 0.01909 0.02416 0.01835 0.01112 -0.07013 -0.1512
172  2.418  0.001 0.016 0.01548 0.01843 0.06509 0.03325 -0.1043
250  2.437  0.001 0.02415 0.01925 0.01809 -0.07612 -0.01387 -0.09796
209  2.449  0.001 0.02398 0.02035 0.01789 -0.06109 -0.01462 -0.09961
287  2.451  0.001 0.01458 0.01993 0.01843 0.1432 0.006703 -0.2993
286  2.452  0.001 0.02381 0.02082 0.01843 0.07098 0.03217 -0.1925
29  2.458  0.001 0.02197 0.01638 0.0179 0.01664 0.1858 0.4383
232  2.464  0.001 0.02413 0.01959 0.01826 -0.07183 -0.001696 -0.1741
136  2.476  0.001 0.02155 0.01725 0.01789 -0.6974 -0.7007 1.322
142  2.476  0.001 0.0209 0.0188 0.01789 -0.7096 0.02047 0.9487
41  2.479  0.001 0.02019 0.01499 0.01789 -0.65 -0.339 0.5859
262  2.485  0.001 0.01755 0.01569 0.01788 -0.2306 0.02636 0.1709
185  2.493  0.001 0.02148 0.01465 0.01788 0.02505 -0.09687 0.08046
212  2.506  0.001 0.01906 0.01692 0.01843 -0.05421 -0.02439 -0.0638
262  2.519  0.001 0.01404 0.01984 0.01843 0.08158 0.06931 -0.103
227  2.522  0.001 0.01726 0.01719 0.01843 -0.2132 0.1488 -0.5155
252  2.525  0.001 0.02217 0.02273 0.01843 0.01143 -0.01299 -0.2114
95  2.538  0.001 0.01989 0.01945 0.01789 -0.1867 -0.2547 0.2115
199  2.546  0.001 0.01493 0.01924 0.01843 0.1015 0.0144 -0.2736
295  2.552  0.001 0.01932 0.02255 0.01843 0.1634 0.03837 -0.1298
105  2.561  0.001 0.01506 0.01682 0.01843 -0.0144 0.02715 -0.2888
227  2.57  0.001 0.01929 0.0154 0.01843 0.2171 -0.05172 -0.1447
61  2.58  0.001 0.02034 0.01898 0.01843 0.003478 -0.06836 -0.2027
257  2.582  0.001 0.02021 0.02061 0.01843 -0.01721 -0.03985 -0.2082
95  2.589  0.001 0.01723 0.01653 0.01843 0.0671 0.1172 -0.1962
193  2.594  0.001 0.01812 0.01997 0.01843 -0.1201 -0.1518 -0.2684
280  2.596  0.001 0.01983 0.01439 0.01843 -0.08047 0.03698 -0.2381
29  2.602  0.001 0.02374 0.02086 0.01792 -0.6785 -0.6712 1.563
156  2.609  0.001 0.01862 0.0233 0.01843 -0.003694 -0.116 -0.2322
216  2.632  0.001 0.01581 0.01534 0.01843 0.03308 0.09901 -0.4616
17  2.639  0.001 0.0236 0.01987 0.01843 0.0573 -0.08682 -0.0461
107  2.64  0.001 0.0205 0.02167 0.01791 -1.136 -0.3707 1.081
272  2.642  0.001 0.01895 0.01963 0.01843 -0.1083 -0.0945 -0.02869
261  2.647  0.001 0.01691 0.0171 0.01843 -0.177 -0.2964 -0.08666
235  2.649  0.001 0.01984 0.0233 0.01843 -0.05755 0.008807 -0.09894
295  2.663  0.001 0.01784 0.01516 0.01843 0.04345 0.3081 -0.2277
272  2.667  0.001 0.01572 0.01839 0.01843 0.206 0.05286 -0.05426
30  2.668  0.001 0.01858 0.02161 0.01788 -0.1191 0.003189 0.2228
252  2.672  0.001 0.0184 0.02411 0.01827 0.0895 -0.0996 0.05914
252  2.68  0.001 0.01908 0.02336 0.01843 0.0895 -0.0996 -0.01501
267  2.683  0.001 0.01686 0.01816 0.01843 -0.1517 0.1273 -0.1389
262  2.686  0.001 0.02234 0.0171 0.01788 -0.03127 -0.2054 0.02651
62   2.7  0.001 0.02366 0.02066 0.01843 0.1145 0.07827 -0.2331
97  2.705  0.001 0.01497 0.01755 0.01843 -0.1234 0.1619 -0.1128
269  2.707  0.001 0.01564 0.02045 0.01843 -0.1023 0.07644 -0.1959
264  2.707  0.001 0.02196 0.01522 0.01843 -0.02918 0.06369 -0.1477
147  2.713  0.001 0.01489 0.01836 0.01843 0.09774 0.02192 -0.3026
23  2.717  0.001 0.02011 0.01406 0.01825 -0.01424 0.0724 -0.0429
249  2.72  0.001 0.01508 0.02173 0.01843 0.1006 -0.04384 -0.3347
143  2.72  0.001 0.02305 0.01821 0.01843 -0.1122 0.01608 -0.1652
271  2.729  0.001 0.01555 0.01799 0.01843 0.1301 0.01932 -0.3141
194  2.755  0.001 0.02133 0.01449 0.01803 0.01309 0.1849 -0.4059
107  2.779  0.001 0.0162 0.01652 0.01789 0.09224 -0.006947 0.1427
194  2.796  0.001 0.01813 0.01522 0.01843 -0.09019 -0.0009441 -0.1165
107  2.803  0.001 0.01847 0.01635 0.01843 0.09224 -0.006947 -0.09835
296  2.833  0.001 0.01944 0.02186 0.01843 -0.01153 -0.0736 -0.0394
257  2.874  0.001 0.01933 0.01556 0.01791 0.0602 0.05051 0.3352
256  2.925  0.001 0.02115 0.01788 0.01843 0.04535 0.04705 -0.2169
209  2.932  0.001 0.01399 0.01972 0.01812 0.09262 -0.01016 -0.1122
257  2.941  0.001 0.02334 0.01893 0.01843 0.0602 0.05051 -0.3196
261  2.968  0.001 0.01972 0.01489 0.01843 0.01554 -0.03296 -0.5357
60     3  0.001 0.02378 0.02098 0.01812 -0.08977 -0.1473 0.3319
285  3.066  0.001 0.01443 0.0192 0.01843 0.1011 -0.02337 -0.148
60  3.077  0.001 0.01779 0.01432 0.01843 -0.03597 0.1113 -0.2057
103  3.089  0.001 0.01945 0.01807 0.01788 0.0555 -0.1881 0.08082
144  3.092  0.001 0.0196 0.02413 0.01793 0.04531 -0.1074 -0.0635
296  3.104  0.001 0.01999 0.01917 0.01843 0.04414 -0.07748 -0.0616
249  3.116  0.001 0.01567 0.01992 0.01843 -0.01812 -0.05651 -0.136
199  3.122  0.001 0.01689 0.01502 0.01843 0.07325 0.04853 -0.1144
269  3.13  0.001 0.01816 0.01681 0.01843 0.01539 -0.108 -0.2165
141  3.147  0.001 0.01632 0.01572 0.01843 0.03518 0.09833 -0.2277
243  3.169  0.001 0.02058 0.01568 0.01843 -0.14 0.12 -0.578
116  3.301  0.001 0.01704 0.01748 0.01843 -0.01602 0.1499 -0.1514
72  3.343  0.001 0.01781 0.01421 0.01843 -0.03441 0.07557 -0.4153
137  3.419  0.001 0.01603 0.01757 0.01843 -0.1503 -0.02978 -0.2757
235  3.437  0.001 0.02301 0.01837 0.01843 0.03882 -0.1532 -0.06213
258  3.44  0.001 0.01729 0.02279 0.01843 -0.09279 0.01727 -0.05769
187  3.463  0.001 0.01955 0.01786 0.01843 0.02797 -0.09287 -0.04229
175  3.481  0.001 0.01826 0.0168 0.01843 0.004128 -0.2318 -0.0372
16  3.551  0.001 0.02257 0.02187 0.01843 -0.04131 0.02694 -0.173
253  3.571  0.001 0.01781 0.01876 0.01843 0.1418 -0.07184 -0.2654
16  3.586  0.001 0.02346 0.02003 0.01843 0.04726 -0.07023 -0.1021
188  3.593  0.001 0.02177 0.01651 0.01843 0.04929 -0.1654 -0.1457
300  3.595  0.001 0.0163 0.02174 0.01843 -0.08323 -0.0347 -0.1538
145  3.667  0.001 0.02186 0.02166 0.01788 -0.0363 -0.01629 0.01612
210  3.685  0.001 0.02404 0.01968 0.01843 0.04979 -0.04254 -0.208
192  3.692  0.001 0.02382 0.02058 0.01789 -0.02661 -0.1384 0.07981
213  3.753  0.001 0.02131 0.01913 0.01843 0.02446 -0.06562 -0.05781
81  3.774  0.001 0.01799 0.02152 0.01843 -0.07616 -0.01975 -0.2049
210  3.82  0.001 0.02127 0.01533 0.01793 -0.1477 0.01821 1.288
176  3.901  0.001 0.01684 0.02255 0.01789 -0.1058 -0.07279 0.4684
205  3.914  0.001 0.01578 0.01783 0.01788 -0.009747 -0.2236 0.04551
245  3.915  0.001 0.01681 0.02269 0.01789 0.009439 -0.0655 0.05241
241  3.917  0.001 0.01893 0.02295 0.01789 0.1258 -0.01767 0.2999
119  3.92  0.001 0.01872 0.02107 0.01789 0.04674 -0.2414 0.3229
211  3.921  0.001 0.02086 0.02333 0.01789 0.0604 0.0101 0.1047
229  3.925  0.001 0.02251 0.02076 0.01788 0.01985 -0.01907 0.02451
211  3.933  0.001 0.0216 0.02346 0.01843 0.0604 0.0101 -0.01636
22  3.939  0.001 0.01967 0.02126 0.01843 0.0712 -0.06934 -0.1064
300  3.95  0.001 0.01926 0.01435 0.01843 0.04602 0.148 -0.334
258  3.954  0.001 0.02366 0.01901 0.01843 0.1008 -0.08742 -0.156
266  3.976  0.001 0.02249 0.01572 0.01843 -0.05948 0.07471 -0.1277
288  3.977  0.001 0.01825 0.0148 0.01843 0.05696 0.07704 -0.3465
225  3.978  0.001 0.0239 0.01746 0.01814 -0.09549 0.03458 -0.1107
292  3.981  0.001 0.02109 0.01622 0.01843 -0.07303 0.1085 -0.2451
169  3.988  0.001 0.01524 0.01578 0.01843 0.04907 0.07502 -0.3305
119  3.995  0.001 0.02064 0.01541 0.01843 0.03768 0.005588 -0.3636
193  3.997  0.001 0.02024 0.01623 0.01843 -0.02404 0.04244 -0.337
103  4.01  0.001 0.01816 0.01489 0.01843 0.01175 0.1025 -0.3699
116  4.016  0.001 0.01673 0.01451 0.01827 0.06796 0.07855 -0.4536
30  4.026  0.001 0.01541 0.02074 0.01788 -0.04301 0.01481 0.04366
89  4.035  0.001 0.01722 0.01484 0.01843 0.04054 0.1097 -0.4841
222  4.109  0.001 0.02301 0.02123 0.0179 -0.1252 -0.08144 0.4298
268  4.138  0.001 0.0195 0.02177 0.01843 -0.09131 0.02319 -0.09031
47  4.15  0.001 0.01836 0.014 0.018 -0.06017 0.07443 -0.07502
16  4.174  0.001 0.01865 0.01616 0.01843 0.04424 0.1137 -0.3057
47  4.19  0.001 0.01478 0.01801 0.01843 0.01002 0.06948 -0.1005
222  4.212  0.001 0.016 0.01729 0.01843 0.1125 0.0988 -0.2465
258  4.214  0.001 0.01792 0.01549 0.01843 -0.009308 0.05975 -0.2575
119  4.217  0.001 0.02157 0.01872 0.01843 0.03729 0.09863 -0.2377
241  4.22  0.001 0.02142 0.0234 0.01789 -0.01592 -0.004563 0.09526
116  4.222  0.001 0.01864 0.02226 0.01843 -0.01973 -0.1363 -0.2217
192  4.23  0.001 0.01997 0.01435 0.01843 -0.03322 0.09184 -0.3828
68  4.238  0.001 0.01577 0.01696 0.01843 0.1251 -0.006826 -0.4282
267  4.242  0.001 0.01436 0.01732 0.01788 0.009436 -0.03792 0.152
162  4.251  0.001 0.02024 0.01997 0.01788 -0.3096 -0.4227 0.539
276  4.252  0.001 0.02148 0.02118 0.0179 0.01011 -0.2162 0.472
283  4.255  0.001 0.02324 0.02054 0.01788 -0.07844 -0.08 0.2505
179  4.256  0.001 0.02075 0.02141 0.01789 -0.2617 -0.1613 0.3181
235  4.269  0.001 0.01891 0.01777 0.01843 -0.04437 -0.1132 -0.006645
194  4.271  0.001 0.01534 0.01991 0.01843 -0.1757 -0.04117 -0.03951
33  4.286  0.001 0.01607 0.01584 0.01789 -0.003939 0.04129 0.1507
54  4.292  0.001 0.01904 0.01558 0.01843 -0.1137 -0.1058 -0.1618
116   4.3  0.001 0.0153 0.02058 0.01843 0.1057 -0.03061 -0.2195
283  4.304  0.001 0.01941 0.01664 0.01843 -0.07844 -0.08 -0.2281
152  4.307  0.001 0.02114 0.01596 0.01843 -0.05771 -0.05591 -0.251
296  4.309  0.001 0.02112 0.01723 0.01843 -0.03868 -0.07895 -0.2605
33  4.313  0.001 0.01597 0.01694 0.01843 -0.003939 0.04129 -0.1098
179  4.324  0.001 0.01604 0.01843 0.01843 0.1247 0.07455 -0.3019
12  4.324  0.001 0.01631 0.01603 0.01843 -0.01966 0.1048 -0.3535
143  4.346  0.001 0.02147 0.01457 0.01843 0.02291 0.09637 -0.3661
179  4.348  0.001 0.01953 0.01879 0.01843 0.1443 0.008361 -0.07545
123  4.354  0.001 0.01722 0.02162 0.01788 -0.1133 -0.07432 0.2261
208  4.355  0.001 0.02072 0.01703 0.01843 -0.01324 -0.08192 -0.3212
274  4.358  0.001 0.02271 0.01574 0.01843 -0.1086 0.06409 -0.3414
293  4.359  0.001 0.01731 0.02201 0.0179 -0.008665 -0.07487 0.172
162  4.363  0.001 0.0162 0.01493 0.01843 0.05991 0.08925 -0.1683
293  4.391  0.001 0.01704 0.01964 0.01843 -0.008665 -0.07487 -0.1381
275   4.4  0.001 0.01903 0.01778 0.01843 -0.06331 -0.05962 -0.109
2  4.407  0.001 0.02056 0.02164 0.01843 0.08164 -0.03664 -0.2705
123  4.409  0.001 0.01397 0.01891 0.01843 0.08212 0.01557 -0.1218
126  4.462  0.001 0.01491 0.01697 0.01843 -0.08473 -0.1022 -0.2722
286  4.471  0.001 0.01845 0.02103 0.01788 -0.02593 0.1281 0.1204
229  4.476  0.001 0.02087 0.02072 0.01843 0.02885 0.1446 -0.1074
69  4.482  0.001 0.02204 0.01492 0.01821 -0.1114 0.1384 -0.3293
275  4.487  0.001 0.0194 0.02109 0.01843 -0.008674 0.1233 -0.07716
286  4.489  0.001 0.01797 0.0234 0.01843 -0.02593 0.1281 -0.06105
164  4.499  0.001 0.0176 0.01982 0.01843 -0.03224 -0.1183 -0.06956
16  4.501  0.001 0.02071 0.02053 0.01843 0.0255 0.08871 -0.1428
161  4.508  0.001 0.02 0.01897 0.01843 0.005088 0.05997 -0.1743
117  4.512  0.001 0.01608 0.02148 0.01843 -0.08187 0.0141 -0.08738
7  4.513  0.001 0.02391 0.01824 0.0179 -2.606 1.15 1.568
84  4.516  0.001 0.02301 0.01876 0.01789 -0.176 0.2963 0.5466
163  4.518  0.001 0.01592 0.02308 0.01839 0.07266 -0.06442 -0.03971
3  4.524  0.001 0.022 0.01796 0.01788 -0.07133 0.04781 0.07463
148  4.556  0.001 0.02412 0.01964 0.01815 -0.1372 -0.01659 -0.2967
196  4.578  0.001 0.01912 0.01975 0.0179 -0.2759 -0.1022 0.7007
252  4.578  0.001 0.0205 0.01825 0.0179 0.1251 -0.5187 0.5581
207  4.579  0.001 0.01995 0.01909 0.01792 -0.05802 -0.3025 0.8253
276  4.582  0.001 0.01942 0.01705 0.01788 -0.06455 -0.2424 0.1786
77  4.582  0.001 0.0183 0.01769 0.01789 -0.2094 -0.2841 0.231
144  4.585  0.001 0.02044 0.01631 0.01788 -0.02589 -0.1553 0.1094
246  4.594  0.001 0.02299 0.0158 0.01817 -0.1037 0.03413 0.04589
113  4.602  0.001 0.0186 0.01831 0.01789 0.01324 -0.2137 0.1433
3  4.606  0.001 0.02407 0.0181 0.01839 -0.09447 0.004228 -0.04313
144  4.612  0.001 0.01984 0.01401 0.01813 -0.01333 0.0737 -0.04998
132  4.617  0.001 0.02092 0.02155 0.01843 0.03209 -0.006151 -0.1418
113  4.625  0.001 0.01905 0.01525 0.01843 0.03151 0.006327 -0.1016
119  4.628  0.001 0.02337 0.02017 0.0179 -0.2648 -0.1795 0.4198
77  4.63  0.001 0.01756 0.0153 0.01843 0.07267 0.05656 -0.2174
276  4.635  0.001 0.01865 0.01396 0.01796 -0.02155 0.07975 -0.05378
224  4.639  0.001 0.01664 0.01783 0.01788 -0.425 -0.1286 0.03632
179  4.653  0.001 0.02278 0.02122 0.01843 -0.08886 -0.03464 -0.2216
202  4.673  0.001 0.02369 0.01993 0.01791 -8.472 -9.192 11.9
130  4.682  0.001 0.01636 0.01472 0.01797 -0.02021 0.1835 -0.003154
103  4.686  0.001 0.02381 0.01724 0.01843 -0.08402 0.03771 -0.4392
189  4.702  0.001 0.01922 0.01517 0.01843 -0.00389 0.1086 -0.3343
26  4.72  0.001 0.02226 0.01949 0.01789 0.05086 -0.217 0.08421
179  4.729  0.001 0.01808 0.01944 0.01843 -0.07977 -0.03416 -0.173
119  4.731  0.001 0.01483 0.01792 0.01843 0.04283 0.08717 -0.4376
225  4.732  0.001 0.01734 0.01526 0.01843 -0.0895 0.09318 -0.1497
161  4.736  0.001 0.01478 0.02178 0.01843 0.09385 -0.1325 -0.5907
242  4.739  0.001 0.02065 0.0152 0.01843 -0.03624 0.2428 -0.3106
161  4.772  0.001 0.01578 0.01823 0.01843 0.07627 -0.09656 -0.1453
222  4.779  0.001 0.01716 0.02379 0.0183 0.03532 -0.03123 -0.04071
164  4.804  0.001 0.02064 0.0213 0.01843 0.05731 0.0154 -0.3038
72  4.955  0.001 0.02196 0.01529 0.01843 -0.08742 0.05832 -0.3271
54  4.961  0.001 0.01701 0.01642 0.01843 -0.006715 -0.0641 -0.3158
99  5.197  0.001 0.02165 0.0206 0.01788 0.08912 -0.07899 0.1053
99  5.21  0.001 0.02276 0.01961 0.01843 0.08912 -0.07899 -0.01767
120  5.23  0.001 0.02168 0.01992 0.01843 0.03262 -0.09557 -0.05075
147  5.25  0.001 0.01635 0.01913 0.01843 -0.04819 -0.04031 -0.2523
212  5.27  0.001 0.01459 0.01717 0.01843 0.112 0.008047 -0.156
222  5.28  0.001 0.02296 0.0209 0.01789 -0.1252 -0.05048 0.1014
181  5.341  0.001 0.01734 0.02369 0.01791 -0.0602 -0.04143 0.5201
96  5.347  0.001 0.0178 0.02329 0.01789 -0.01049 -0.033 0.2175
176  5.357  0.001 0.01742 0.02049 0.01791 -0.06856 -0.07332 0.4506
216  5.357  0.001 0.01982 0.02008 0.01791 0.137 -0.06796 0.3349
190  5.36  0.001 0.02101 0.01903 0.01788 0.1996 -0.07249 0.176
58  5.363  0.001 0.01984 0.02124 0.01788 -0.02024 -0.0594 0.1065
58  5.375  0.001 0.01959 0.02051 0.01843 -0.02339 -0.07482 -0.05137
276  5.378  0.001 0.01839 0.01628 0.01843 0.01785 -0.1214 -0.09737
143  5.381  0.001 0.02128 0.01649 0.01843 0.06257 -0.167 -0.04465
105  5.385  0.001 0.02028 0.02035 0.01843 0.04771 -0.03805 -0.1458
96  5.389  0.001 0.01736 0.02192 0.01843 -0.01049 -0.033 -0.1917
209  5.389  0.001 0.02142 0.02249 0.0179 -0.07407 -0.04591 0.1605
119  5.393  0.001 0.02173 0.01659 0.01843 0.06625 -0.09296 -0.2318
196  5.394  0.001 0.02019 0.0173 0.01788 -0.07655 -0.1092 0.02535
130  5.396  0.001 0.02406 0.01807 0.01821 -0.08351 0.019 -0.06687
258  5.396  0.001 0.02255 0.01598 0.01843 -0.007749 -0.002171 -0.09984
190  5.401  0.001 0.02332 0.01765 0.01843 -0.09388 0.03101 -0.1307
222  5.403  0.001 0.01991 0.01661 0.01843 -0.012 0.02374 -0.1102
245  5.405  0.001 0.01876 0.02363 0.01843 -0.03432 -0.1767 -0.6707
2  5.407  0.001 0.02227 0.02053 0.01789 -0.236 -0.1165 0.2485
209  5.418  0.001 0.01928 0.02116 0.01843 -0.07407 -0.04591 -0.1235
86  5.418  0.001 0.02033 0.02363 0.01792 0.01803 0.3588 0.4286
241  5.429  0.001 0.02279 0.02059 0.01843 0.04853 -0.03263 -0.03222
225  5.434  0.001 0.0208 0.01452 0.01843 0.02767 -0.08071 -0.3647
216  5.441  0.001 0.02382 0.0181 0.01843 -0.04118 0.05991 -0.2439
238  5.45  0.001 0.01546 0.01847 0.01843 0.123 -0.04868 -0.1481
181  5.454  0.001 0.01417 0.01841 0.01843 0.1619 -0.0759 -0.3055
176  5.461  0.001 0.01524 0.01583 0.01843 0.1164 0.0369 -0.3215
2  5.47  0.001 0.01571 0.0179 0.01843 0.1099 0.07892 -0.1883
139  5.483  0.001 0.0232 0.02108 0.01789 -2.207 -1.896 5.633
167  5.521  0.001 0.02162 0.02137 0.01789 -0.7416 -0.8799 2.149
265  5.523  0.001 0.02102 0.0212 0.01789 -0.02835 -0.1542 0.5522
86  5.524  0.001 0.01777 0.02347 0.01788 -0.2476 0.009778 0.127
106  5.527  0.001 0.01974 0.02247 0.01788 -0.1715 -0.1492 0.2695
59  5.552  0.001 0.01605 0.02318 0.01804 0.03627 0.01032 -0.07411
224  5.553  0.001 0.02389 0.01744 0.01832 -0.09294 0.0477 -0.06218
290  5.555  0.001 0.02033 0.01432 0.01843 -0.07619 -0.0199 -0.1155
112  5.557  0.001 0.0169 0.02192 0.01843 -0.0663 -0.01217 -0.1059
249  5.561  0.001 0.02196 0.02207 0.01789 -0.008852 -0.1022 0.1565
16  5.579  0.001 0.02401 0.01972 0.01789 -0.2833 -0.8452 1.499
193  5.587  0.001 0.01864 0.02068 0.01788 -0.147 -0.0721 0.2001
249  5.589  0.001 0.02171 0.01921 0.01843 -0.008852 -0.1022 -0.1177
241  5.589  0.001 0.02119 0.01661 0.01788 -0.06363 -0.2069 0.04925
105  5.596  0.001 0.01753 0.01785 0.01843 0.1238 0.04852 -0.3594
284   5.6  0.001 0.0191 0.02068 0.01791 0.03083 -0.1387 0.6365
106  5.602  0.001 0.01576 0.01753 0.01843 0.08879 0.07245 -0.2374
164  5.603  0.001 0.021 0.01472 0.01843 -0.03325 0.07973 -0.3061
27  5.611  0.001 0.02113 0.02098 0.01789 0.105 -0.1332 0.2238
244  5.613  0.001 0.01561 0.01808 0.01843 0.06759 -0.01396 -0.4108
105  5.632  0.001 0.01706 0.01853 0.01843 -0.03294 0.01411 -0.1002
49  5.633  0.001 0.01788 0.01992 0.01843 -0.01288 -0.0748 -0.08787
59  5.64  0.001 0.01444 0.021 0.01843 0.05491 -0.01393 -0.0483
144  5.646  0.001 0.02156 0.01461 0.01788 -0.0616 0.07569 -0.0517
185  5.649  0.001 0.01936 0.0146 0.01843 -0.1551 -0.008839 -0.1658
286  5.652  0.001 0.01949 0.02139 0.01788 -0.107 -0.2701 0.258
265  5.656  0.001 0.01749 0.01465 0.01843 -0.02368 0.1249 -0.4756
157  5.658  0.001 0.01977 0.01647 0.01843 -0.007453 -0.08975 -0.2256
27  5.661  0.001 0.02177 0.01561 0.01843 0.01422 -0.1122 -0.2344
86  5.664  0.001 0.01469 0.02163 0.01788 -0.02807 -0.001139 0.0668
43  5.664  0.001 0.01852 0.02081 0.01843 -0.03706 -0.01351 -0.252
17  5.666  0.001 0.0199 0.01402 0.01826 0.0005445 0.1986 -0.4766
175  5.686  0.001 0.01891 0.0241 0.01843 -0.02043 -0.02365 -0.3481
279  5.687  0.001 0.01439 0.01699 0.01814 0.1393 -0.01546 -0.4498
189  5.693  0.001 0.01745 0.01709 0.01843 0.08985 0.0715 -0.3775
211  5.709  0.001 0.01988 0.02357 0.01843 -0.0116 -0.1317 -0.3321
286  5.714  0.001 0.01765 0.01627 0.01843 0.05597 0.1251 -0.2341
284  5.748  0.001 0.01907 0.01501 0.01843 -0.05864 0.1508 -0.547
76  5.779  0.001 0.02296 0.02206 0.01843 -0.2395 -0.1909 -0.4818
30  5.783  0.001 0.02264 0.01891 0.01843 -0.3277 -0.01752 -0.4214
120  5.802  0.001 0.01489 0.01791 0.01789 0.4476 -0.1139 1.351
30  5.809  0.001 0.01568 0.01702 0.01843 -0.2642 -0.07555 -0.09969
253  5.952  0.001 0.0211 0.02116 0.01793 0.02407 -0.02189 0.272
250  5.965  0.001 0.02267 0.01637 0.01789 0.06706 -0.143 0.03127
99  5.997  0.001 0.01919 0.02284 0.01843 0.03144 -0.1023 -0.1588
246  6.003  0.001 0.02128 0.01446 0.01795 -0.04053 0.04747 -0.192
253  6.005  0.001 0.02239 0.01999 0.01843 0.02407 -0.02189 -0.2532
275  6.017  0.001 0.024 0.01811 0.01788 0.04584 -0.3567 0.117
278  6.021  0.001 0.02088 0.02374 0.01788 -0.06852 0.03939 0.0832
217  6.025  0.001 0.02263 0.0211 0.01788 0.08962 -0.1869 0.2147
143  6.054  0.001 0.02347 0.0165 0.01814 -0.06537 0.0266 -0.08486
53  6.063  0.001 0.02141 0.01869 0.01843 -0.006456 -0.05937 -0.1936
217  6.073  0.001 0.0233 0.01637 0.01843 -0.08124 0.01145 -0.1836
275  6.074  0.001 0.02088 0.01532 0.01789 0.1273 0.08022 0.2297
275  6.13  0.001 0.02414 0.01876 0.01817 -0.07417 0.02352 -0.1722
119  6.196  0.001 0.01614 0.01627 0.01843 0.1343 0.09857 -0.6091
49  6.298  0.001 0.01967 0.02135 0.01843 0.004389 -0.02246 -0.1891
11  6.315  0.001 0.02193 0.02022 0.01788 -0.03765 -0.1985 0.0914
106  6.326  0.001 0.02416 0.01903 0.01804 -0.09823 -0.01805 -0.1734
144  6.331  0.001 0.01583 0.01783 0.01843 -0.1522 -0.1664 -0.03242
49  6.368  0.001 0.02079 0.01673 0.01843 0.1679 -0.009928 -0.3014
59  6.409  0.001 0.02059 0.02101 0.0179 0.03616 0.05159 0.1143
71  6.421  0.001 0.01762 0.01415 0.01824 -0.003957 0.1966 -0.3912
59  6.426  0.001 0.02119 0.02188 0.01843 0.03616 0.05159 -0.05034
275  6.45  0.001 0.02333 0.0165 0.01843 -0.02373 -0.08321 -0.2186
192  6.487  0.001 0.0167 0.02268 0.01843 0.07996 -0.08308 -0.192
192  6.535  0.001 0.02286 0.01832 0.01843 0.1437 -0.1437 -0.08078
150  6.537  0.001 0.01951 0.01649 0.01843 -0.1434 -0.1006 -0.2766
126  6.547  0.001 0.02298 0.02171 0.01794 -6.256 1.666 10.55
8  6.547  0.001 0.0231 0.02116 0.0179 -3.325 0.2944 4.838
205  6.55  0.001 0.01942 0.02037 0.01788 -0.8516 -0.04782 0.6377
228  6.568  0.001 0.01592 0.02021 0.01788 0.08083 -0.1873 0.2463
132  6.607  0.001 0.02261 0.01945 0.01788 -0.4361 -0.8567 0.6699
228  6.629  0.001 0.01908 0.01472 0.01843 -0.00716 0.1093 -0.1636
105   6.7  0.001 0.0146 0.01683 0.01789 0.03114 -0.0764 0.1612
132  6.731  0.001 0.01806 0.02205 0.01843 0.1114 -0.08436 -0.4442
137  6.74  0.001 0.01544 0.01673 0.01843 0.1077 0.01433 -0.2569
290  6.758  0.001 0.0212 0.01543 0.01843 0.003859 0.01322 -0.135
96  6.772  0.001 0.02254 0.01726 0.01843 -0.1056 0.08654 -0.3584
144  6.799  0.001 0.01943 0.01396 0.01843 0.01073 0.2221 -0.5111
164  6.817  0.001 0.01937 0.02286 0.01789 0.03771 -0.1143 0.2892
117  6.853  0.001 0.02034 0.02171 0.01791 0.1578 -0.1202 0.8651
164  6.874  0.001 0.02152 0.01634 0.01843 0.03771 -0.1143 -0.2703
130  6.904  0.001 0.01637 0.02058 0.01789 0.03768 -0.1433 0.1788
199  6.926  0.001 0.01479 0.01773 0.01843 -0.03221 -0.1562 -0.05482
130  6.937  0.001 0.01762 0.01584 0.01843 0.03768 -0.1433 -0.1461
84  6.98  0.001 0.02385 0.01931 0.01789 0.1193 -0.1217 0.2831
96  6.995  0.001 0.02124 0.01669 0.01843 -0.04533 -0.1207 -0.04282
224  7.004  0.001 0.01825 0.02354 0.01791 -0.5284 -0.1541 0.5252
235  7.02  0.001 0.02243 0.02187 0.01843 0.03242 0.01507 -0.154
249  7.022  0.001 0.0236 0.02011 0.01789 -0.03149 -0.1467 0.141
221  7.045  0.001 0.01824 0.02378 0.01843 -0.1178 0.02044 -0.1064
249  7.046  0.001 0.02284 0.01656 0.01843 -0.03149 -0.1467 -0.096
203  7.099  0.001 0.02133 0.01982 0.01789 0.106 -0.2991 0.2226
175  7.14  0.001 0.01602 0.01552 0.01843 0.1023 -0.07673 -0.1549
203  7.146  0.001 0.02111 0.01675 0.01843 -0.07942 0.09459 -0.207
88  7.187  0.001 0.02291 0.0184 0.01788 0.0853 -0.3328 0.3437
279  7.188  0.001 0.02259 0.01945 0.01789 0.05159 -0.3137 0.3792
181  7.192  0.001 0.02161 0.02308 0.01843 -0.05895 -0.1166 -0.3079
148  7.24  0.001 0.02277 0.01606 0.01843 -0.0687 0.06213 -0.2303
17  7.244  0.001 0.02248 0.02068 0.01789 -0.2031 -0.1519 0.1913
89  7.248  0.001 0.02224 0.02153 0.01789 -0.3497 -0.9196 5.237
278  7.251  0.001 0.01893 0.0238 0.01789 -0.8982 0.2881 0.7133
132  7.259  0.001 0.01916 0.02218 0.01788 -0.3808 0.01075 0.2169
290  7.264  0.001 0.02077 0.01729 0.01843 -0.1419 -0.1294 -0.08717
192  7.294  0.001 0.01817 0.01442 0.01843 -0.06501 0.08512 -0.225
196  7.296  0.001 0.0173 0.02015 0.01843 -0.05115 0.2459 -0.2186
181  7.376  0.001 0.02258 0.01893 0.01789 -0.1361 -0.1092 0.07629
17  7.384  0.001 0.01403 0.01816 0.0182 0.1531 0.1254 -0.5081
278  7.407  0.001 0.01552 0.01537 0.01804 0.1907 0.1145 -0.5229
274  7.463  0.001 0.02378 0.01712 0.01787 -0.1294 0.0363 -0.2826
264  7.614  0.001 0.02205 0.02263 0.01791 -0.07746 0.05196 0.09671
43  7.64  0.001 0.01981 0.02258 0.01788 0.02036 0.1081 0.1687
193  7.643  0.001 0.01861 0.02272 0.01788 -0.004981 0.06184 0.162
258  7.745  0.001 0.02153 0.02109 0.0179 0.005366 0.04651 0.1163
258  7.762  0.001 0.02162 0.02191 0.01843 0.005366 0.04651 -0.05522
53  7.781  0.001 0.02062 0.01456 0.01791 -0.8605 -0.2423 0.8962
43  7.847  0.001 0.01772 0.02144 0.01788 -0.1229 -0.06676 0.0223
262  7.878  0.001 0.02216 0.02203 0.01788 -0.05501 -0.05636 0.07536
216  7.931  0.001 0.02155 0.01476 0.0179 -1.408 -1.001 1.282
2  7.996  0.001 0.02043 0.01796 0.01843 -0.03395 0.0566 -0.1449
65  8.008  0.001 0.023 0.02099 0.01789 0.01174 0.091 0.05789
252  8.015  0.001 0.02033 0.01946 0.01789 -0.1054 -0.001992 0.1577
112  8.035  0.001 0.01966 0.01871 0.01843 -0.07174 -0.03849 -0.03556
252  8.043  0.001 0.01736 0.0194 0.01843 -0.1054 -0.001992 -0.1191
54  8.187  0.001 0.01973 0.02197 0.01789 -0.2114 -0.1064 0.4609
65  8.206  0.001 0.01882 0.01466 0.01843 -0.04868 -0.06103 -0.5028
250  8.24  0.001 0.02036 0.01471 0.01843 -0.09387 0.1506 -0.3453
47  8.247  0.001 0.01864 0.01745 0.01843 0.07404 0.125 -0.2819
193  8.305  0.001 0.01667 0.0226 0.01789 -0.02031 -0.02199 0.07731
258  8.331  0.001 0.01838 0.02326 0.0179 -0.09447 0.007666 0.4242
71  8.336  0.001 0.01781 0.01745 0.01843 0.109 0.06677 -0.263
185  8.34  0.001 0.02147 0.01762 0.01843 0.1671 -0.02561 -0.2993
84  8.368  0.001 0.01767 0.02063 0.01789 -0.4442 -0.2591 0.3257
284  8.369  0.001 0.02409 0.01896 0.01843 0.01126 0.03591 -0.1015
269  8.373  0.001 0.01673 0.02014 0.01789 -0.2741 -0.2564 0.2038
141  8.39  0.001 0.02406 0.01935 0.01843 0.01032 0.01292 -0.2364
69   8.4  0.001 0.0205 0.01416 0.01814 -0.1009 0.06008 -0.2073
48   8.4  0.001 0.02054 0.02189 0.0179 -0.171 -1.613 2.563
87  8.401  0.001 0.02178 0.02084 0.0179 0.1261 -1.442 1.52
269  8.413  0.001 0.01621 0.01635 0.01843 0.1227 -0.00995 -0.18
296  8.423  0.001 0.024 0.02005 0.01789 -0.134 -1.139 3.215
84  8.424  0.001 0.01907 0.01678 0.01843 0.1532 -0.01551 -0.2791
65  8.485  0.001 0.01956 0.02121 0.01843 0.0796 -0.03427 -0.3669
286  8.519  0.001 0.02099 0.01819 0.01843 -0.1375 0.07207 -0.2954
13  8.54  0.001 0.01653 0.01474 0.01843 -0.05512 0.1608 -0.4632
77  8.601  0.001 0.01643 0.02303 0.01843 -0.0209 -0.09359 -0.229
65  8.707  0.001 0.02361 0.01677 0.01838 -1.278 -1.676 0.7144
17  8.715  0.001 0.01851 0.02108 0.01788 -0.1006 -0.1096 0.1819
17  8.749  0.001 0.01511 0.01738 0.01843 -0.1006 -0.1096 -0.1493
97  8.774  0.001 0.0159 0.01919 0.01843 0.135 -0.05286 -0.1867
279  8.782  0.001 0.01872 0.01902 0.01789 -7.976 -4.278 3.399
105  8.961  0.001 0.02121 0.02209 0.01789 0.08697 -0.03458 0.2509
105  9.021  0.001 0.02405 0.02009 0.01805 -0.0791 -0.02946 -0.1434
36  9.04  0.001 0.02188 0.02112 0.01791 -0.03991 0.005249 0.1985
36  9.077  0.001 0.02037 0.02132 0.01843 -0.03991 0.005249 -0.171
169  9.175  0.001 0.02237 0.0227 0.0179 0.2764 -0.09663 1.055
112  9.179  0.001 0.02053 0.02282 0.01792 -0.04152 -0.1998 0.9515
149  9.181  0.001 0.02189 0.02144 0.01791 -0.1286 -0.5722 0.827
190  9.181  0.001 0.02074 0.02179 0.01791 -0.08356 -0.5168 0.7799
268  9.248  0.001 0.02072 0.02217 0.01789 0.1403 -0.1929 0.4928
130  9.302  0.001 0.01676 0.02002 0.01791 -0.2532 1.076 0.8253
177  9.303  0.001 0.0153 0.01619 0.0179 -0.6955 0.3818 0.8692
224  9.339  0.001 0.02353 0.01809 0.01789 -0.0658 0.4872 0.9025
76  9.341  0.001 0.02301 0.02105 0.0179 -0.1969 1.144 0.579
155  9.343  0.001 0.02107 0.01438 0.01843 0.08369 0.1749 -0.5676
269  9.35  0.001 0.02081 0.02245 0.01843 -0.04656 -0.1123 -0.1329
192  9.398  0.001 0.01748 0.01537 0.01843 0.04068 0.1259 -0.1663
130  9.45  0.001 0.02144 0.0179 0.01843 -0.1131 0.1254 -0.5223
130  9.505  0.001 0.02255 0.01776 0.01843 0.02879 -0.01063 -0.2173
141  9.584  0.001 0.01683 0.02081 0.01789 -0.02965 -0.1544 0.08
220  9.594  0.001 0.0187 0.01459 0.01843 0.0373 0.09092 -0.4181
77  9.631  0.001 0.01813 0.01403 0.01838 0.03353 0.1112 -0.03791
88  9.782  0.001 0.02088 0.01636 0.01789 -0.2709 0.282 1.453
132  9.782  0.001 0.02122 0.01899 0.01789 -0.1461 1.072 1.161
171  9.782  0.001 0.01994 0.01694 0.01789 -0.2574 0.4116 1.277
294  9.783  0.001 0.01967 0.01979 0.01788 -0.2226 0.9865 0.819
145  9.783  0.001 0.01583 0.02067 0.01843 0.1277 -0.03594 -0.2456
130  9.879  0.001 0.01838 0.01804 0.01843 -0.07628 -0.09915 -0.1576
