# ID time  diameter x y z u v w  (ex ey ez, color)
35  0.007725  0.0004 0.02369 0.01966 0.01843    0    0 -0.03
28  0.02207  0.0004 0.01754 0.01674 0.01843    0    0 -0.03
9  0.02712  0.0004 0.02325 0.01895 0.01843    0    0 -0.03
67  0.03095  0.0004 0.01943 0.02314 0.01843    0    0 -0.03
73  0.03427  0.0004 0.01667 0.02303 0.01843    0    0 -0.03
22  0.04415  0.0004 0.01952 0.02012 0.01843    0    0 -0.03
13  0.04477  0.0004 0.01808 0.02272 0.01843    0    0 -0.03
7  0.05137  0.0004 0.01482 0.01773 0.01843    0    0 -0.03
17  0.05867  0.0004 0.01703 0.02308 0.01843    0    0 -0.03
46  0.05899  0.0004 0.01617 0.01695 0.01843    0    0 -0.03
18  0.06531  0.0004 0.02053 0.01703 0.01843    0    0 -0.03
25  0.07593  0.0004 0.01711 0.01814 0.01843    0    0 -0.03
56  0.08706  0.0004 0.01863 0.01723 0.01843    0    0 -0.03
43  0.0965  0.0004 0.02103 0.02112 0.01843    0    0 -0.03
69  0.1041  0.0004 0.01458 0.01791 0.01843    0    0 -0.03
49  0.1098  0.0004 0.02185 0.01815 0.01843    0    0 -0.03
21  0.1127  0.0004 0.01643 0.01692 0.01843    0    0 -0.03
19  0.1222  0.0004 0.0164 0.01659 0.01843    0    0 -0.03
34  0.1235  0.0004 0.01971 0.02318 0.01843    0    0 -0.03
1  0.1259  0.0004 0.0168 0.01476 0.01843    0    0 -0.03
64  0.1304  0.0004 0.01557 0.0221 0.01843    0    0 -0.03
12  0.1357  0.0004 0.02226 0.02271 0.01843    0    0 -0.03
26  0.1363  0.0004 0.01862 0.01522 0.01843    0    0 -0.03
37  0.1442  0.0004 0.01888 0.02229 0.01843    0    0 -0.03
5  0.1591  0.0004 0.01626 0.01686 0.01843    0    0 -0.03
2  0.1605  0.0004 0.02081 0.01787 0.01843    0    0 -0.03
68  0.1696  0.0004 0.02289 0.02038 0.01843    0    0 -0.03
10  0.1815  0.0004 0.01563 0.0224 0.01843    0    0 -0.03
57  0.1866  0.0004 0.02211 0.02042 0.01843    0    0 -0.03
70  0.1947  0.0004 0.02309 0.0209 0.01843    0    0 -0.03
58  0.1963  0.0004 0.0191 0.01443 0.01843    0    0 -0.03
24  0.1984  0.0004 0.01962 0.01486 0.01843    0    0 -0.03
42  0.201  0.0004 0.02025 0.02367 0.01843    0    0 -0.03
61  0.2023  0.0004 0.02229 0.01842 0.01843    0    0 -0.03
45  0.2105  0.0004 0.02245 0.01579 0.01843    0    0 -0.03
53  0.2119  0.0004 0.01642 0.01496 0.01843    0    0 -0.03
63  0.2266  0.0004 0.01769 0.01745 0.01843    0    0 -0.03
20  0.229  0.0004 0.02091 0.02027 0.01843    0    0 -0.03
33  0.2508  0.0004 0.01702 0.01859 0.01843    0    0 -0.03
31  0.2662  0.0004 0.01913 0.02014 0.01843    0    0 -0.03
44  0.2728  0.0004 0.01944 0.01617 0.01843    0    0 -0.03
36  0.2769  0.0004 0.01766 0.0201 0.01843    0    0 -0.03
6  0.2777  0.0004 0.01997 0.01562 0.01843    0    0 -0.03
72  0.2823  0.0004 0.02214 0.02212 0.01843    0    0 -0.03
40  0.2844  0.0004 0.01644 0.01498 0.01843    0    0 -0.03
59  0.2898  0.0004 0.01734 0.01457 0.01843    0    0 -0.03
41  0.3052  0.0004 0.0186 0.01972 0.01843    0    0 -0.03
29  0.3141  0.0004 0.01985 0.01664 0.01843    0    0 -0.03
54  0.3218  0.0004 0.01482 0.01777 0.01843    0    0 -0.03
47  0.3236  0.0004 0.02051 0.02322 0.01843    0    0 -0.03
32  0.3345  0.0004 0.01948 0.01647 0.01843    0    0 -0.03
30  0.3349  0.0004 0.01705 0.02098 0.01843    0    0 -0.03
39  0.3382  0.0004 0.01639 0.01987 0.01843    0    0 -0.03
74  0.3393  0.0004 0.02166 0.0176 0.01843    0    0 -0.03
4  0.3473  0.0004 0.02304 0.02012 0.01843    0    0 -0.03
38  0.3604  0.0004 0.02169 0.01713 0.01843    0    0 -0.03
51  0.3722  0.0004 0.01653 0.01864 0.01843    0    0 -0.03
65  0.3746  0.0004 0.02131 0.02105 0.01843    0    0 -0.03
8  0.38  0.0004 0.01673 0.01615 0.01843    0    0 -0.03
16  0.3821  0.0004 0.01463 0.01945 0.01843    0    0 -0.03
3  0.3879  0.0004 0.01628 0.01757 0.01843    0    0 -0.03
14  0.399  0.0004 0.01504 0.01872 0.01843    0    0 -0.03
11  0.4082  0.0004 0.02059 0.02017 0.01843    0    0 -0.03
55  0.4178  0.0004 0.01701 0.01788 0.01843    0    0 -0.03
75  0.4269  0.0004 0.0234 0.01844 0.01843    0    0 -0.03
48  0.4294  0.0004 0.01873 0.0173 0.01843    0    0 -0.03
15  0.4311  0.0004 0.01826 0.02318 0.01843    0    0 -0.03
50  0.4369  0.0004 0.0216 0.01895 0.01843    0    0 -0.03
66  0.437  0.0004 0.01577 0.01801 0.01843    0    0 -0.03
62  0.447  0.0004 0.02045 0.01485 0.01843    0    0 -0.03
52  0.4589  0.0004 0.02035 0.01736 0.01843    0    0 -0.03
60  0.4708  0.0004 0.01998 0.02162 0.01843    0    0 -0.03
27  0.4813  0.0004 0.01723 0.01959 0.01843    0    0 -0.03
23  0.4926  0.0004 0.01712 0.02242 0.01843    0    0 -0.03
71  0.5035  0.0004 0.01829 0.02213 0.01843    0    0 -0.03
128  0.5139  0.0004 0.02043 0.02121 0.01843    0    0 -0.03
119  0.5165  0.0004 0.01595 0.01801 0.01843    0    0 -0.03
103  0.5237  0.0004 0.01958 0.02208 0.01843    0    0 -0.03
138  0.5256  0.0004 0.01883 0.0192 0.01843    0    0 -0.03
134  0.5281  0.0004 0.02262 0.01886 0.01843    0    0 -0.03
94  0.5371  0.0004 0.0174 0.0211 0.01843    0    0 -0.03
85  0.5393  0.0004 0.02191 0.01537 0.01843    0    0 -0.03
109  0.5435  0.0004 0.02044 0.01858 0.01843    0    0 -0.03
121  0.5442  0.0004 0.01851 0.01681 0.01843    0    0 -0.03
120  0.5539  0.0004 0.0211 0.02097 0.01843    0    0 -0.03
141  0.5578  0.0004 0.01616 0.01567 0.01843    0    0 -0.03
122  0.562  0.0004 0.01888 0.02231 0.01843    0    0 -0.03
126  0.563  0.0004 0.01847 0.02193 0.01843    0    0 -0.03
123  0.5876  0.0004 0.01611 0.01765 0.01843    0    0 -0.03
142  0.5888  0.0004 0.01501 0.0202 0.01843    0    0 -0.03
115  0.5977  0.0004 0.01984 0.01551 0.01843    0    0 -0.03
117  0.5983  0.0004 0.01576 0.01553 0.01843    0    0 -0.03
99  0.6005  0.0004 0.01833 0.02209 0.01843    0    0 -0.03
118  0.608  0.0004 0.02382 0.02002 0.01843    0    0 -0.03
102  0.6246  0.0004 0.01562 0.02101 0.01843    0    0 -0.03
91  0.6456  0.0004 0.02234 0.01837 0.01843    0    0 -0.03
97  0.6621  0.0004 0.01972 0.01526 0.01843    0    0 -0.03
132  0.6664  0.0004 0.0159 0.02084 0.01843    0    0 -0.03
130  0.6668  0.0004 0.02038 0.02328 0.01843    0    0 -0.03
139  0.6684  0.0004 0.01737 0.02071 0.01843    0    0 -0.03
136  0.6688  0.0004 0.02119 0.02175 0.01843    0    0 -0.03
108  0.7085  0.0004 0.01688 0.0213 0.01843    0    0 -0.03
127  0.7148  0.0004 0.01747 0.0199 0.01843    0    0 -0.03
135  0.7274  0.0004 0.01822 0.02322 0.01843    0    0 -0.03
150  0.7323  0.0004 0.01545 0.0212 0.01843    0    0 -0.03
89  0.737  0.0004 0.02053 0.01565 0.01843    0    0 -0.03
148  0.7385  0.0004 0.01639 0.01582 0.01843    0    0 -0.03
131  0.7392  0.0004 0.01697 0.01686 0.01843    0    0 -0.03
143  0.7397  0.0004 0.01872 0.02302 0.01843    0    0 -0.03
147  0.741  0.0004 0.01617 0.01891 0.01843    0    0 -0.03
129  0.7493  0.0004 0.01789 0.01638 0.01843    0    0 -0.03
149  0.7509  0.0004 0.01747 0.01859 0.01843    0    0 -0.03
83  0.7579  0.0004 0.01517 0.01768 0.01843    0    0 -0.03
105  0.7589  0.0004 0.01776 0.01443 0.01843    0    0 -0.03
78  0.7614  0.0004 0.02068 0.01794 0.01843    0    0 -0.03
96  0.7673  0.0004 0.01692 0.01946 0.01843    0    0 -0.03
112  0.7719  0.0004 0.01894 0.01545 0.01843    0    0 -0.03
144  0.7735  0.0004 0.02163 0.01831 0.01843    0    0 -0.03
80  0.7741  0.0004 0.01791 0.02168 0.01843    0    0 -0.03
107  0.7748  0.0004 0.02127 0.02095 0.01843    0    0 -0.03
114  0.7977  0.0004 0.01635 0.01953 0.01843    0    0 -0.03
116  0.8019  0.0004 0.01688 0.01696 0.01843    0    0 -0.03
92  0.8111  0.0004 0.0222 0.02101 0.01843    0    0 -0.03
110  0.8156  0.0004 0.01815 0.02239 0.01843    0    0 -0.03
104  0.8175  0.0004 0.01439 0.01888 0.01843    0    0 -0.03
125  0.8196  0.0004 0.01659 0.02234 0.01843    0    0 -0.03
90  0.8454  0.0004 0.02205 0.01867 0.01843    0    0 -0.03
76  0.8584  0.0004 0.01552 0.01988 0.01843    0    0 -0.03
86  0.8596  0.0004 0.02206 0.02045 0.01843    0    0 -0.03
137  0.8597  0.0004 0.01587 0.0178 0.01843    0    0 -0.03
111  0.8621  0.0004 0.01999 0.02003 0.01843    0    0 -0.03
124  0.865  0.0004 0.02289 0.02177 0.01843    0    0 -0.03
145  0.8668  0.0004 0.015 0.01657 0.01843    0    0 -0.03
106  0.8785  0.0004 0.0198 0.02115 0.01843    0    0 -0.03
77  0.8902  0.0004 0.01666 0.02269 0.01843    0    0 -0.03
88  0.8943  0.0004 0.01838 0.02164 0.01843    0    0 -0.03
140  0.9114  0.0004 0.01871 0.02356 0.01843    0    0 -0.03
93  0.9177  0.0004 0.02083 0.01468 0.01843    0    0 -0.03
98  0.9201  0.0004 0.01511 0.01696 0.01843    0    0 -0.03
133  0.9363  0.0004 0.0236 0.01788 0.01843    0    0 -0.03
84  0.9425  0.0004 0.02153 0.02145 0.01843    0    0 -0.03
100  0.9495  0.0004 0.01815 0.02297 0.01843    0    0 -0.03
82  0.9516  0.0004 0.02334 0.01691 0.01843    0    0 -0.03
113  0.9721  0.0004 0.01497 0.01668 0.01843    0    0 -0.03
101  0.9782  0.0004 0.01804 0.0197 0.01843    0    0 -0.03
81  0.9797  0.0004 0.01601 0.01848 0.01843    0    0 -0.03
87  0.9815  0.0004 0.02031 0.01563 0.01843    0    0 -0.03
95  0.989  0.0004 0.02335 0.02054 0.01843    0    0 -0.03
146  0.9906  0.0004 0.0202 0.02018 0.01843    0    0 -0.03
151  0.9923  0.0004 0.0173 0.0233 0.01843    0    0 -0.03
79  0.999  0.0004 0.01651 0.01797 0.01843    0    0 -0.03
202  1.011  0.0004 0.0162 0.01826 0.01843    0    0 -0.03
187  1.013  0.0004 0.01795 0.01557 0.01843    0    0 -0.03
176  1.017  0.0004 0.01968 0.01637 0.01843    0    0 -0.03
182  1.018  0.0004 0.02107 0.01709 0.01843    0    0 -0.03
168  1.019  0.0004 0.01831 0.02056 0.01843    0    0 -0.03
180  1.02  0.0004 0.01597 0.02281 0.01843    0    0 -0.03
188  1.025  0.0004 0.02133 0.01814 0.01843    0    0 -0.03
217  1.031  0.0004 0.02345 0.01707 0.01843    0    0 -0.03
173  1.044  0.0004 0.01718 0.02342 0.01843    0    0 -0.03
221  1.046  0.0004 0.02088 0.01981 0.01843    0    0 -0.03
159  1.046  0.0004 0.02373 0.01934 0.01843    0    0 -0.03
222  1.051  0.0004 0.01816 0.02008 0.01843    0    0 -0.03
163  1.053  0.0004 0.02023 0.02212 0.01843    0    0 -0.03
214  1.073  0.0004 0.01853 0.0157 0.01843    0    0 -0.03
205  1.101  0.0004 0.02088 0.02226 0.01843    0    0 -0.03
198  1.101  0.0004 0.01417 0.01886 0.01843    0    0 -0.03
224  1.106  0.0004 0.0183 0.01678 0.01843    0    0 -0.03
200  1.113  0.0004 0.01709 0.01522 0.01843    0    0 -0.03
153  1.126  0.0004 0.01616 0.02247 0.01843    0    0 -0.03
185  1.131  0.0004 0.01876 0.02127 0.01843    0    0 -0.03
193  1.133  0.0004 0.01759 0.02117 0.01843    0    0 -0.03
204  1.135  0.0004 0.0228 0.02163 0.01843    0    0 -0.03
211  1.137  0.0004 0.02274 0.02221 0.01843    0    0 -0.03
199  1.139  0.0004 0.01884 0.02237 0.01843    0    0 -0.03
154  1.162  0.0004 0.01763 0.0152 0.01843    0    0 -0.03
191  1.179  0.0004 0.01684 0.01964 0.01843    0    0 -0.03
213  1.197  0.0004 0.01488 0.01786 0.01843    0    0 -0.03
219  1.201  0.0004 0.01716 0.02143 0.01843    0    0 -0.03
208  1.202  0.0004 0.01667 0.02145 0.01843    0    0 -0.03
181  1.202  0.0004 0.02157 0.02285 0.01843    0    0 -0.03
186  1.203  0.0004 0.02025 0.01536 0.01843    0    0 -0.03
178  1.203  0.0004 0.02199 0.01693 0.01843    0    0 -0.03
223  1.207  0.0004 0.01656 0.01692 0.01843    0    0 -0.03
195  1.216  0.0004 0.01967 0.02165 0.01843    0    0 -0.03
169  1.23  0.0004 0.01761 0.01704 0.01843    0    0 -0.03
177  1.24  0.0004 0.0197 0.01944 0.01843    0    0 -0.03
209  1.24  0.0004 0.0196 0.0204 0.01843    0    0 -0.03
161  1.243  0.0004 0.0216 0.01586 0.01843    0    0 -0.03
170  1.255  0.0004 0.01744 0.01849 0.01843    0    0 -0.03
190  1.256  0.0004 0.01864 0.01738 0.01843    0    0 -0.03
171  1.264  0.0004 0.02103 0.02089 0.01843    0    0 -0.03
196  1.272  0.0004 0.01989 0.01651 0.01843    0    0 -0.03
220  1.272  0.0004 0.01618 0.01691 0.01843    0    0 -0.03
158  1.278  0.0004 0.02036 0.01752 0.01843    0    0 -0.03
155  1.283  0.0004 0.01842 0.02092 0.01843    0    0 -0.03
156  1.285  0.0004 0.02296 0.01804 0.01843    0    0 -0.03
162  1.293  0.0004 0.01568 0.01649 0.01843    0    0 -0.03
192  1.293  0.0004 0.01952 0.01848 0.01843    0    0 -0.03
207  1.294  0.0004 0.02235 0.0223 0.01843    0    0 -0.03
210  1.314  0.0004 0.01967 0.01435 0.01843    0    0 -0.03
189  1.326  0.0004 0.01477 0.01708 0.01843    0    0 -0.03
183  1.335  0.0004 0.01561 0.01817 0.01843    0    0 -0.03
157  1.34  0.0004 0.01754 0.02335 0.01843    0    0 -0.03
172  1.347  0.0004 0.02085 0.02051 0.01843    0    0 -0.03
165  1.355  0.0004 0.02183 0.01624 0.01843    0    0 -0.03
164  1.355  0.0004 0.01871 0.01898 0.01843    0    0 -0.03
215  1.357  0.0004 0.01647 0.02102 0.01843    0    0 -0.03
184  1.36  0.0004 0.02356 0.01891 0.01843    0    0 -0.03
27  1.37  0.0004 0.021 0.01471 0.01843 -0.02385 0.099 -0.07216
197  1.391  0.0004 0.01837 0.0211 0.01843    0    0 -0.03
174  1.397  0.0004 0.02047 0.0195 0.01843    0    0 -0.03
206  1.402  0.0004 0.02266 0.01585 0.01843    0    0 -0.03
226  1.414  0.0004 0.02181 0.01962 0.01843    0    0 -0.03
179  1.424  0.0004 0.01898 0.02029 0.01843    0    0 -0.03
225  1.437  0.0004 0.02194 0.01688 0.01843    0    0 -0.03
212  1.44  0.0004 0.01853 0.02202 0.01843    0    0 -0.03
216  1.442  0.0004 0.017 0.02139 0.01843    0    0 -0.03
152  1.443  0.0004 0.0217 0.02055 0.01843    0    0 -0.03
218  1.451  0.0004 0.01984 0.02264 0.01843    0    0 -0.03
194  1.461  0.0004 0.02314 0.01765 0.01843    0    0 -0.03
167  1.488  0.0004 0.02111 0.01615 0.01843    0    0 -0.03
203  1.488  0.0004 0.0201 0.01543 0.01843    0    0 -0.03
201  1.494  0.0004 0.01953 0.01867 0.01843    0    0 -0.03
175  1.505  0.0004 0.01603 0.01891 0.01843    0    0 -0.03
166  1.505  0.0004 0.02014 0.02048 0.01843    0    0 -0.03
160  1.506  0.0004 0.01921 0.02076 0.01843    0    0 -0.03
297  1.513  0.0004 0.01884 0.02323 0.01843    0    0 -0.03
231  1.518  0.0004 0.01568 0.0187 0.01843    0    0 -0.03
258  1.52  0.0004 0.02066 0.01944 0.01843    0    0 -0.03
299  1.528  0.0004 0.02089 0.01773 0.01843    0    0 -0.03
300  1.533  0.0004 0.01836 0.02136 0.01843    0    0 -0.03
233  1.542  0.0004 0.01485 0.01799 0.01843    0    0 -0.03
240  1.554  0.0004 0.0201 0.01536 0.01843    0    0 -0.03
267  1.557  0.0004 0.01813 0.01548 0.01843    0    0 -0.03
251  1.568  0.0004 0.02293 0.02082 0.01843    0    0 -0.03
235  1.573  0.0004 0.01899 0.02345 0.01843    0    0 -0.03
298  1.58  0.0004 0.01889 0.02041 0.01843    0    0 -0.03
283  1.587  0.0004 0.0172 0.02031 0.01843    0    0 -0.03
265  1.59  0.0004 0.01698 0.01854 0.01843    0    0 -0.03
241  1.601  0.0004 0.02097 0.01708 0.01843    0    0 -0.03
243  1.605  0.0004 0.0176 0.02316 0.01843    0    0 -0.03
269  1.627  0.0004 0.0163 0.01863 0.01843    0    0 -0.03
270  1.627  0.0004 0.02249 0.02232 0.01843    0    0 -0.03
289  1.634  0.0004 0.0163 0.0214 0.01843    0    0 -0.03
230  1.638  0.0004 0.01543 0.01798 0.01843    0    0 -0.03
262  1.64  0.0004 0.02043 0.0181 0.01843    0    0 -0.03
242  1.64  0.0004 0.01778 0.02281 0.01843    0    0 -0.03
237  1.642  0.0004 0.0212 0.01539 0.01843    0    0 -0.03
232  1.642  0.0004 0.01803 0.01874 0.01843    0    0 -0.03
253  1.649  0.0004 0.02383 0.01857 0.01843    0    0 -0.03
264  1.655  0.0004 0.02037 0.01475 0.01843    0    0 -0.03
228  1.66  0.0004 0.01809 0.02195 0.01843    0    0 -0.03
275  1.67  0.0004 0.01976 0.01616 0.01843    0    0 -0.03
254  1.697  0.0004 0.01704 0.01575 0.01843    0    0 -0.03
239  1.704  0.0004 0.01852 0.01915 0.01843    0    0 -0.03
256  1.705  0.0004 0.02201 0.0177 0.01843    0    0 -0.03
291  1.729  0.0004 0.0179 0.01556 0.01843    0    0 -0.03
227  1.731  0.0004 0.02311 0.01818 0.01843    0    0 -0.03
238  1.739  0.0004 0.02045 0.01613 0.01843    0    0 -0.03
236  1.74  0.0004 0.01563 0.01933 0.01843    0    0 -0.03
276  1.753  0.0004 0.02063 0.022 0.01843    0    0 -0.03
250  1.753  0.0004 0.01767 0.02069 0.01843    0    0 -0.03
249  1.753  0.0004 0.021 0.01928 0.01843    0    0 -0.03
257  1.761  0.0004 0.01973 0.01501 0.01843    0    0 -0.03
255  1.769  0.0004 0.02067 0.01857 0.01843    0    0 -0.03
296  1.776  0.0004 0.01457 0.01927 0.01843    0    0 -0.03
247  1.783  0.0004 0.01912 0.0195 0.01843    0    0 -0.03
292  1.784  0.0004 0.02161 0.01895 0.01843    0    0 -0.03
278  1.808  0.0004 0.0207 0.01582 0.01843    0    0 -0.03
229  1.812  0.0004 0.01495 0.01817 0.01843    0    0 -0.03
266  1.812  0.0004 0.01665 0.02084 0.01843    0    0 -0.03
279  1.815  0.0004 0.02382 0.01997 0.01843    0    0 -0.03
285  1.82  0.0004 0.02269 0.01654 0.01843    0    0 -0.03
273  1.821  0.0004 0.02125 0.01911 0.01843    0    0 -0.03
284  1.83  0.0004 0.01543 0.02166 0.01843    0    0 -0.03
261  1.832  0.0004 0.022 0.02034 0.01843    0    0 -0.03
286  1.833  0.0004 0.02103 0.02249 0.01843    0    0 -0.03
277  1.84  0.0004 0.01732 0.01709 0.01843    0    0 -0.03
245  1.845  0.0004 0.02044 0.01975 0.01843    0    0 -0.03
290  1.845  0.0004 0.01526 0.01632 0.01843    0    0 -0.03
287  1.85  0.0004 0.01929 0.02375 0.01843    0    0 -0.03
293  1.852  0.0004 0.01555 0.02204 0.01843    0    0 -0.03
263  1.859  0.0004 0.0233 0.0203 0.01843    0    0 -0.03
271  1.867  0.0004 0.0211 0.01768 0.01843    0    0 -0.03
294  1.877  0.0004 0.01817 0.02277 0.01843    0    0 -0.03
295  1.879  0.0004 0.02141 0.01968 0.01843    0    0 -0.03
244  1.88  0.0004 0.01955 0.02079 0.01843    0    0 -0.03
259  1.887  0.0004 0.02328 0.01916 0.01843    0    0 -0.03
234  1.888  0.0004 0.01517 0.02014 0.01843    0    0 -0.03
288  1.894  0.0004 0.01965 0.01918 0.01843    0    0 -0.03
281  1.898  0.0004 0.02124 0.01752 0.01843    0    0 -0.03
268  1.908  0.0004 0.01746 0.02112 0.01843    0    0 -0.03
282  1.917  0.0004 0.02136 0.01577 0.01843    0    0 -0.03
280  1.924  0.0004 0.01628 0.01688 0.01843    0    0 -0.03
248  1.94  0.0004 0.0234 0.02 0.01843    0    0 -0.03
274  1.94  0.0004 0.01545 0.01635 0.01843    0    0 -0.03
272  1.957  0.0004 0.0213 0.01657 0.01843    0    0 -0.03
260  1.979  0.0004 0.01941 0.01807 0.01843    0    0 -0.03
252  1.984  0.0004 0.01876 0.01662 0.01843    0    0 -0.03
246  1.994  0.0004 0.02247 0.01982 0.01843    0    0 -0.03
264  2.098  0.0004 0.01937 0.02414 0.01807 0.05729 -0.1182 -0.4151
272  2.17  0.0004 0.02297 0.02163 0.01843 -0.1157 0.03665 -0.0857
66  3.173  0.0004 0.01444 0.0188 0.01843 0.1279 0.02114 -0.1138
