# ID time  diameter x y z u v w  (ex ey ez, color)
79  76.59  0.0001 0.3883 0.02347 0.003 0.002055 -0.06932 -0.3549
70  79.48  0.0001 0.3837 0.01882 0.003 0.008295 0.001426 -0.2731
213  79.48  0.0001 0.3837 0.01872 0.003 0.008303 0.001431 -0.2735
225  79.49  0.0001 0.3837 0.01862 0.003 0.008313 0.001439 -0.2738
76  79.5  0.0001 0.3838 0.01796 0.003 0.01009 -0.03261 -0.2528
187  79.51  0.0001 0.3837 0.01833 0.003 0.008361 0.001508 -0.2749
36  79.51  0.0001 0.3837 0.01824 0.003 0.00838 0.001538 -0.2752
18  79.51  0.0001 0.3835 0.01927 0.003 0.007011 0.03161 -0.2163
84  79.52  0.0001 0.3837 0.01823 0.003 0.008 0.004425 -0.2759
87  79.53  0.0001 0.3838 0.01814 0.003 0.008016 0.00444 -0.2769
9  79.53  0.0001 0.3838 0.01806 0.003 0.008033 0.004462 -0.2778
72  79.54  0.0001 0.3838 0.01799 0.003 0.007746 0.004814 -0.2787
24  79.57  0.0001 0.3838 0.01774 0.003 0.007792 0.004728 -0.2814
12  79.57  0.0001 0.3836 0.018 0.003 -0.00255 0.004417 -0.2283
64  79.58  0.0001 0.3839 0.01766 0.003 0.007829 0.004793 -0.2823
46  79.58  0.0001 0.3839 0.01759 0.003 0.007884 0.00494 -0.2831
26  79.59  0.0001 0.3839 0.01751 0.003 0.007889 0.004868 -0.284
49  79.6  0.0001 0.3839 0.01745 0.003 0.007987 0.00522 -0.2848
57  79.6  0.0001 0.3839 0.01743 0.003 0.008311 0.006746 -0.2855
45  79.61  0.0001 0.3839 0.01744 0.003 0.007284 0.008819 -0.2865
33  79.61  0.0001 0.384 0.01741 0.003 0.008317 0.009149 -0.2873
6  79.62  0.0001 0.384 0.01739 0.003 0.008649 0.009792 -0.2881
30  79.63  0.0001 0.384 0.01737 0.003 0.009076 0.01044 -0.2888
119  79.63  0.0001 0.3841 0.01735 0.003 0.009572 0.01112 -0.2895
218  80.71  0.0001 0.3837 0.01882 0.003 0.008239 0.001368 -0.2731
103  80.72  0.0001 0.3837 0.01888 0.003 0.008231 0.001383 -0.2729
108  80.73  0.0001 0.3837 0.01878 0.003 0.008227 0.001377 -0.2732
80  80.74  0.0001 0.3837 0.01868 0.003 0.008203 0.001406 -0.2736
125  80.74  0.0001 0.3837 0.01894 0.003 0.008256 0.001334 -0.2726
222  80.75  0.0001 0.3837 0.01886 0.003 0.007967 0.001657 -0.2729
60  80.75  0.0001 0.3837 0.01902 0.003 0.008225 0.001459 -0.2724
25  80.76  0.0001 0.3838 0.01808 0.003 0.007959 0.003161 -0.2771
144  80.76  0.0001 0.3841 0.01855 0.003 0.03556 -0.01189 -0.2401
56  80.76  0.0001 0.3837 0.01865 0.003 0.008219 0.001428 -0.2737
148  80.76  0.0001 0.3837 0.01819 0.003 0.008165 0.001499 -0.2754
42  80.77  0.0001 0.3837 0.0191 0.003 0.008298 -0.001156 -0.2721
15  80.77  0.0001 0.3837 0.01882 0.003 0.008209 0.001453 -0.2731
260  80.77  0.0001 0.3837 0.01835 0.003 0.008138 0.0009749 -0.2748
41  80.77  0.0001 0.3837 0.0182 0.003 0.007824 0.004811 -0.2764
75  80.77  0.0001 0.384 0.01852 0.003 0.01986 -0.01226 -0.2144
32  80.77  0.0001 0.3837 0.01908 0.003 0.008282 0.00145 -0.2721
96  80.77  0.0001 0.3838 0.01793 0.003 0.01055 -0.03744 -0.2515
287  80.78  0.0001 0.3836 0.01882 0.003 0.01038 0.01127 -0.24
203  80.78  0.0001 0.3837 0.01898 0.003 0.008307 0.001493 -0.2725
35  80.78  0.0001 0.3838 0.01916 0.003 0.01432 0.02721 -0.2337
182  80.78  0.0001 0.3837 0.01863 0.003 0.008194 0.001502 -0.2738
38  80.78  0.0001 0.3837 0.01824 0.003 0.008121 0.001341 -0.2752
98  80.78  0.0001 0.3838 0.01806 0.003 0.008666 0.001834 -0.277
10  80.78  0.0001 0.3837 0.01889 0.003 0.008318 0.001511 -0.2729
31  80.78  0.0001 0.3838 0.01833 0.003 0.008318 0.005614 -0.2782
13  80.79  0.0001 0.3837 0.01879 0.003 0.008328 0.001524 -0.2732
168  80.79  0.0001 0.3837 0.01819 0.003 0.008175 0.003452 -0.276
2  80.79  0.0001 0.3837 0.01833 0.003 0.008257 0.001355 -0.2749
191  80.79  0.0001 0.3841 0.01803 0.003 0.01825 0.003966 -0.2781
153  80.79  0.0001 0.3839 0.01821 0.003 0.01663 -0.006267 -0.2763
140  80.79  0.0001 0.3836 0.01799 0.003 0.02011 -0.02275 -0.2436
102  80.79  0.0001 0.3839 0.01951 0.003 0.007793 0.08368 -0.2186
128  80.79  0.0001 0.3837 0.0187 0.003 0.008346 0.001562 -0.2735
210  80.79  0.0001 0.3841 0.01816 0.003 0.03131 -0.01535 -0.2515
159  80.8  0.0001 0.3836 0.01961 0.003 0.008639 0.05473 -0.2161
113  80.8  0.0001 0.3837 0.01822 0.003 0.008227 0.001681 -0.2753
59  80.81  0.0001 0.3837 0.01779 0.003 0.01998 -0.00805 -0.2293
184  80.81  0.0001 0.3838 0.01836 0.003 0.01244 0.02927 -0.2369
171  80.81  0.0001 0.3837 0.01831 0.003 0.008486 0.001159 -0.2749
67  80.81  0.0001 0.3837 0.01983 0.003 0.01397 0.059 -0.204
29  80.81  0.0001 0.3838 0.01768 0.003 -0.007779 -0.026 -0.251
95  80.81  0.0001 0.3838 0.01818 0.003 0.008356 0.003439 -0.2762
180  80.81  0.0001 0.3839 0.01818 0.003 0.01357 0.0004617 -0.2777
247  80.81  0.0001 0.3842 0.01843 0.003 0.02629 0.03311 -0.2314
197  80.81  0.0001 0.3838 0.018 0.003 0.008096 0.003841 -0.2783
100  80.81  0.0001 0.3838 0.01787 0.003 0.01033 -0.03843 -0.251
34  80.81  0.0001 0.3839 0.01796 0.003 0.01567 -0.003287 -0.2783
220  80.82  0.0001 0.3837 0.01826 0.003 0.008435 0.001714 -0.2752
149  80.82  0.0001 0.3839 0.01769 0.003 0.008124 0.004257 -0.2818
193  80.82  0.0001 0.3835 0.01939 0.003 0.007255 0.03732 -0.2158
43  80.82  0.0001 0.3838 0.01807 0.003 0.008369 0.003746 -0.2775
124  80.83  0.0001 0.3837 0.01825 0.003 0.008039 0.004605 -0.2757
121  80.83  0.0001 0.3839 0.0176 0.003 0.008098 0.003938 -0.2827
293  80.83  0.0001 0.3838 0.01817 0.003 0.008051 0.004606 -0.2766
86  80.84  0.0001 0.3843 0.01859 0.003 0.03074 0.04105 -0.232
77  80.84  0.0001 0.3838 0.01814 0.003 0.007816 0.00628 -0.2775
20  80.84  0.0001 0.3839 0.01767 0.003 0.008352 0.003821 -0.282
89  80.84  0.0001 0.3838 0.01886 0.003 0.004038 0.05593 -0.2434
157  80.84  0.0001 0.3842 0.0173 0.003 0.03714 -0.02497 -0.228
19  80.85  0.0001 0.384 0.01916 0.003 0.01108 0.0689 -0.2301
134  80.85  0.0001 0.3844 0.01731 0.003 0.0343 -0.01035 -0.2107
110  80.85  0.0001 0.3838 0.01802 0.003 0.007947 0.004866 -0.2784
120  80.85  0.0001 0.3837 0.01774 0.003 0.007135 -0.001066 -0.2124
278  80.85  0.0001 0.3839 0.01826 0.003 0.0226 0.01583 -0.2088
48  80.86  0.0001 0.3844 0.01767 0.003 0.04297 0.01124 -0.2262
50  80.86  0.0001 0.3838 0.01811 0.003 -0.0003833 0.008083 -0.2121
234  80.86  0.0001 0.3839 0.01769 0.003 0.008428 0.004259 -0.2819
133  80.86  0.0001 0.3843 0.01744 0.003 0.04366 0.002521 -0.2337
22  80.86  0.0001 0.3836 0.01856 0.003 0.004214 0.03567 -0.2349
106  80.86  0.0001 0.3837 0.0181 0.003 0.00735 0.003034 -0.2113
69  80.86  0.0001 0.3839 0.01746 0.003 0.008404 0.004343 -0.2845
1  80.87  0.0001 0.3842 0.01772 0.003 0.01452 0.009437 -0.2229
44  80.87  0.0001 0.3839 0.01764 0.003 0.008186 0.004842 -0.2826
188  80.87  0.0001 0.3841 0.01713 0.003 0.01535 -0.03867 -0.2604
173  80.87  0.0001 0.3842 0.01752 0.003 0.02246 -0.0001988 -0.2164
166  80.87  0.0001 0.384 0.0174 0.003 0.008512 0.004836 -0.2853
137  80.87  0.0001 0.3841 0.01759 0.003 0.01549 0.001158 -0.2845
93  80.87  0.0001 0.3839 0.01757 0.003 0.008161 0.005131 -0.2834
132  80.88  0.0001 0.3838 0.01875 0.003 -0.002748 0.04439 -0.2284
109  80.88  0.0001 0.3842 0.01832 0.003 0.01655 0.01949 -0.2195
139  80.88  0.0001 0.384 0.01734 0.003 0.008329 0.005211 -0.2863
145  80.88  0.0001 0.3839 0.01752 0.003 0.008162 0.005635 -0.2841
189  80.88  0.0001 0.3841 0.0175 0.003 0.01499 0.0004567 -0.2851
4  80.88  0.0001 0.3842 0.01683 0.003 0.02507 -0.04957 -0.2404
116  80.88  0.0001 0.3839 0.01769 0.003 0.007914 0.005701 -0.2823
88  80.89  0.0001 0.384 0.01731 0.003 0.00837 0.00579 -0.2874
3  80.89  0.0001 0.3836 0.01894 0.003 -0.003126 0.05689 -0.2212
233  80.89  0.0001 0.3839 0.01748 0.003 0.008111 0.006204 -0.2848
297  80.89  0.0001 0.3839 0.01768 0.003 0.008307 0.007167 -0.283
62  80.89  0.0001 0.384 0.01728 0.003 0.008826 0.006508 -0.2883
94  80.89  0.0001 0.384 0.01745 0.003 0.008464 0.007214 -0.2855
115  80.89  0.0001 0.3839 0.01764 0.003 0.00843 0.007889 -0.2836
161  80.9  0.0001 0.384 0.01744 0.003 0.008328 0.008635 -0.2865
126  80.9  0.0001 0.384 0.01728 0.003 0.008725 0.007901 -0.2892
248  80.9  0.0001 0.3839 0.01763 0.003 0.008618 0.009166 -0.2842
135  80.9  0.0001 0.384 0.01742 0.003 0.00876 0.009373 -0.2873
40  80.9  0.0001 0.384 0.01728 0.003 0.008776 0.009321 -0.2899
164  80.9  0.0001 0.3839 0.01762 0.003 0.008795 0.01049 -0.2847
90  80.91  0.0001 0.384 0.01743 0.003 0.009129 0.01085 -0.288
267  80.91  0.0001 0.3841 0.01729 0.003 0.009054 0.01078 -0.2907
138  80.91  0.0001 0.384 0.01762 0.003 0.00898 0.01202 -0.2852
11  80.91  0.0001 0.384 0.01745 0.003 0.00948 0.0127 -0.2887
122  80.91  0.0001 0.384 0.01762 0.003 0.009442 0.01358 -0.2857
214  80.91  0.0001 0.384 0.01764 0.003 0.008674 0.01579 -0.2866
117  80.91  0.0001 0.3841 0.01747 0.003 0.009949 0.01445 -0.2893
74  80.92  0.0001 0.384 0.01765 0.003 0.009813 0.01707 -0.2871
73  80.92  0.0001 0.3841 0.01749 0.003 0.01042 0.01621 -0.2898
146  80.92  0.0001 0.384 0.01767 0.003 0.01004 0.01854 -0.2876
150  80.92  0.0001 0.3841 0.01751 0.003 0.01079 0.01783 -0.2904
217  80.92  0.0001 0.384 0.01769 0.003 0.01055 0.02 -0.2881
211  80.93  0.0001 0.3841 0.0177 0.003 0.01103 0.02128 -0.2886
65  80.93  0.0001 0.3841 0.01772 0.003 0.01155 0.02281 -0.289
91  80.93  0.0001 0.3841 0.01773 0.003 0.01203 0.0241 -0.2895
47  80.93  0.0001 0.3841 0.01774 0.003 0.01245 0.02514 -0.2898
111  80.94  0.0001 0.3841 0.01775 0.003 0.01283 0.02593 -0.2902
142  80.94  0.0001 0.3841 0.01776 0.003 0.01328 0.02707 -0.2906
130  80.94  0.0001 0.3842 0.01776 0.003 0.01365 0.02777 -0.2909
194  80.94  0.0001 0.3842 0.01777 0.003 0.01389 0.02865 -0.2912
250  80.95  0.0001 0.3842 0.01779 0.003 0.01393 0.0298 -0.2916
61  80.95  0.0001 0.3842 0.0178 0.003 0.01393 0.03082 -0.292
21  80.95  0.0001 0.3842 0.0178 0.003 0.01448 0.03155 -0.2922
5  80.95  0.0001 0.3842 0.01781 0.003 0.01477 0.03244 -0.2926
8  80.95  0.0001 0.3842 0.01776 0.003 0.01476 0.03137 -0.2929
158  82.05  0.0001 0.3837 0.01894 0.003 0.008237 0.001382 -0.2726
249  82.06  0.0001 0.3837 0.01885 0.003 0.00824 0.001405 -0.273
99  82.06  0.0001 0.3838 0.01808 0.003 0.008292 0.002394 -0.2769
167  82.06  0.0001 0.3837 0.01875 0.003 0.008255 0.001368 -0.2734
276  82.07  0.0001 0.3837 0.01901 0.003 0.008219 0.001432 -0.2724
192  82.07  0.0001 0.3837 0.01827 0.003 0.008189 0.001162 -0.2751
262  82.07  0.0001 0.3837 0.01817 0.003 0.008242 0.003065 -0.2761
162  82.07  0.0001 0.3837 0.01891 0.003 0.008228 0.001384 -0.2728
232  82.07  0.0001 0.3835 0.01876 0.003 0.006725 0.006267 -0.2211
196  82.07  0.0001 0.3837 0.01835 0.003 0.008187 0.0009656 -0.2747
253  82.08  0.0001 0.3837 0.0191 0.003 0.008299 -0.001258 -0.2721
208  82.08  0.0001 0.3837 0.01881 0.003 0.008217 0.001435 -0.2731
201  82.08  0.0001 0.3838 0.01808 0.003 0.008306 0.003033 -0.2771
230  82.08  0.0001 0.3837 0.0182 0.003 0.008193 0.001385 -0.2753
235  82.08  0.0001 0.3837 0.01907 0.003 0.008295 0.001464 -0.2722
131  82.08  0.0001 0.3842 0.01793 0.003 0.03834 -0.03271 -0.2356
245  82.09  0.0001 0.3836 0.01908 0.003 0.01234 0.02796 -0.2385
177  82.09  0.0001 0.3837 0.01898 0.003 0.008306 0.001488 -0.2725
202  82.09  0.0001 0.3839 0.0188 0.003 0.01911 0.006346 -0.2354
199  82.09  0.0001 0.3837 0.0183 0.003 0.008084 0.001693 -0.275
169  82.09  0.0001 0.3837 0.01862 0.003 0.008192 0.001502 -0.2738
256  82.09  0.0001 0.3837 0.01816 0.003 0.008142 0.003177 -0.2763
288  82.09  0.0001 0.3838 0.01813 0.003 0.01015 0.00368 -0.2793
170  82.09  0.0001 0.3841 0.01842 0.003 0.02657 0.002693 -0.2084
272  82.09  0.0001 0.3837 0.01888 0.003 0.008317 0.001508 -0.2729
257  82.1  0.0001 0.3838 0.01803 0.003 0.00828 0.003342 -0.2778
118  82.1  0.0001 0.3837 0.01879 0.003 0.008334 0.001543 -0.2732
136  82.1  0.0001 0.3837 0.01819 0.003 0.008184 0.00151 -0.2754
268  82.1  0.0001 0.3837 0.0187 0.003 0.008348 0.001567 -0.2736
101  82.11  0.0001 0.3838 0.0181 0.003 0.008162 0.003281 -0.277
237  82.11  0.0001 0.3837 0.01829 0.003 0.008714 0.001746 -0.2751
14  82.11  0.0001 0.3838 0.0183 0.003 0.01115 0.001886 -0.2785
66  82.11  0.0001 0.3838 0.01894 0.003 0.01368 0.02622 -0.2556
82  82.11  0.0001 0.3836 0.01933 0.003 0.003497 0.06249 -0.213
261  82.11  0.0001 0.3839 0.01728 0.003 0.02982 -0.0538 -0.2041
63  82.12  0.0001 0.3838 0.01813 0.003 0.007599 0.01446 -0.2496
141  82.12  0.0001 0.3838 0.01818 0.003 0.008657 0.003268 -0.2761
269  82.12  0.0001 0.3839 0.01808 0.003 0.01229 -0.0001336 -0.2794
181  82.12  0.0001 0.3839 0.0182 0.003 0.0119 0.00102 -0.2776
227  82.12  0.0001 0.3837 0.0179 0.003 0.0003029 -0.004305 -0.2308
81  82.12  0.0001 0.3837 0.01837 0.003 0.008423 0.001712 -0.2748
292  82.13  0.0001 0.3838 0.01804 0.003 0.01768 -0.01585 -0.2495
172  82.13  0.0001 0.3837 0.01818 0.003 0.004095 0.01091 -0.2357
254  82.13  0.0001 0.3836 0.01909 0.003 -0.007007 0.07836 -0.2271
183  82.13  0.0001 0.3837 0.01828 0.003 0.008457 0.001788 -0.2751
275  82.13  0.0001 0.3837 0.01823 0.003 0.008614 0.002979 -0.2754
156  82.14  0.0001 0.3835 0.01868 0.003 0.007574 0.007004 -0.2182
289  82.14  0.0001 0.3838 0.01802 0.003 0.008333 0.004078 -0.2782
174  82.14  0.0001 0.384 0.0171 0.003 0.02832 -0.03515 -0.243
160  82.14  0.0001 0.3838 0.01838 0.003 0.01064 0.02392 -0.2571
298  82.14  0.0001 0.3835 0.01867 0.003 0.01066 0.03416 -0.2327
123  82.15  0.0001 0.3838 0.01814 0.003 0.007802 0.005509 -0.2773
273  82.15  0.0001 0.384 0.01866 0.003 0.01642 0.04677 -0.2518
264  82.15  0.0001 0.3838 0.01831 0.003 -0.002737 0.01239 -0.2303
178  82.15  0.0001 0.3839 0.01763 0.003 0.008518 0.003851 -0.2824
281  82.16  0.0001 0.3838 0.01803 0.003 0.007986 0.004646 -0.2782
271  82.16  0.0001 0.3842 0.01731 0.003 0.03233 -0.02156 -0.2134
295  82.16  0.0001 0.3839 0.01757 0.003 0.008382 0.004011 -0.2831
300  82.16  0.0001 0.3836 0.01822 0.003 0.001067 0.01529 -0.2115
195  82.17  0.0001 0.3849 0.01863 0.003 0.03623 0.03002 -0.2137
104  82.17  0.0001 0.3839 0.0175 0.003 0.008385 0.004117 -0.2839
55  82.17  0.0001 0.3848 0.01664 0.003 0.05318 -0.05678 -0.2196
241  82.17  0.0001 0.3839 0.01765 0.003 0.008372 0.003751 -0.2822
204  82.18  0.0001 0.3838 0.01823 0.003 -0.003049 0.01237 -0.2308
207  82.18  0.0001 0.3845 0.01682 0.003 0.05482 -0.03396 -0.2328
290  82.18  0.0001 0.3839 0.01744 0.003 0.01543 -0.001992 -0.2408
258  82.18  0.0001 0.3838 0.01795 0.003 0.0001748 0.03002 -0.2432
68  82.18  0.0001 0.384 0.01738 0.003 0.008814 0.00529 -0.2856
206  82.19  0.0001 0.3839 0.01754 0.003 0.008188 0.004821 -0.2837
277  82.19  0.0001 0.3841 0.01764 0.003 0.01549 0.003792 -0.2848
259  82.19  0.0001 0.3838 0.01774 0.003 0.00726 0.006054 -0.2818
27  82.19  0.0001 0.384 0.01731 0.003 0.008548 0.004787 -0.2868
198  82.19  0.0001 0.3838 0.01829 0.003 -0.001758 0.02009 -0.2167
16  82.19  0.0001 0.3841 0.01743 0.003 0.015 -0.0006331 -0.2856
105  82.19  0.0001 0.3835 0.01836 0.003 -0.0006845 0.02174 -0.2121
152  82.19  0.0001 0.3839 0.01747 0.003 0.008349 0.004915 -0.2845
286  82.2  0.0001 0.3839 0.01767 0.003 0.008049 0.00578 -0.2826
176  82.2  0.0001 0.3842 0.01747 0.003 0.01716 0.00348 -0.2866
255  82.2  0.0001 0.384 0.01725 0.003 0.008323 0.004648 -0.2879
186  82.2  0.0001 0.3839 0.01741 0.003 0.008154 0.005086 -0.2852
274  82.2  0.0001 0.3839 0.01761 0.003 0.008121 0.006058 -0.2833
221  82.2  0.0001 0.3843 0.01742 0.003 0.01886 0.004021 -0.2871
238  82.2  0.0001 0.3839 0.01739 0.003 0.008065 0.00656 -0.2862
223  82.21  0.0001 0.384 0.01723 0.003 0.008504 0.005735 -0.2889
229  82.21  0.0001 0.3839 0.01756 0.003 0.008262 0.006593 -0.284
154  82.21  0.0001 0.3844 0.01731 0.003 0.02211 0.002213 -0.2874
71  82.21  0.0001 0.384 0.01721 0.003 0.008459 0.006896 -0.2898
228  82.21  0.0001 0.384 0.01735 0.003 0.008982 0.006724 -0.2871
175  82.21  0.0001 0.3839 0.01754 0.003 0.008092 0.007522 -0.2846
265  82.21  0.0001 0.3844 0.01733 0.003 0.0241 0.004516 -0.288
179  82.22  0.0001 0.384 0.01735 0.003 0.008516 0.008454 -0.288
226  82.22  0.0001 0.384 0.01753 0.003 0.009857 0.009273 -0.2854
114  82.22  0.0001 0.384 0.01734 0.003 0.008981 0.009262 -0.2888
294  82.22  0.0001 0.384 0.01754 0.003 0.009982 0.01101 -0.2857
242  82.23  0.0001 0.3839 0.01754 0.003 0.007972 0.01257 -0.2868
58  82.23  0.0001 0.384 0.01735 0.003 0.009336 0.01093 -0.2895
285  82.23  0.0001 0.384 0.01754 0.003 0.008981 0.01354 -0.2874
85  82.23  0.0001 0.3841 0.01736 0.003 0.009619 0.01243 -0.2902
236  82.23  0.0001 0.384 0.01754 0.003 0.00952 0.01491 -0.288
155  82.23  0.0001 0.3841 0.01739 0.003 0.00986 0.01433 -0.2908
185  82.24  0.0001 0.384 0.01755 0.003 0.01003 0.01616 -0.2886
231  82.24  0.0001 0.3841 0.01756 0.003 0.01055 0.01743 -0.2891
205  82.24  0.0001 0.3841 0.01756 0.003 0.011 0.01842 -0.2896
215  82.25  0.0001 0.3841 0.01757 0.003 0.01149 0.01957 -0.2901
129  82.25  0.0001 0.3841 0.01758 0.003 0.01193 0.02045 -0.2905
224  82.25  0.0001 0.3841 0.01758 0.003 0.01237 0.02135 -0.2909
200  82.26  0.0001 0.3841 0.01759 0.003 0.01253 0.0224 -0.2914
127  82.26  0.0001 0.3842 0.0176 0.003 0.01249 0.02363 -0.2918
83  82.26  0.0001 0.3842 0.01761 0.003 0.01316 0.02443 -0.2921
78  82.26  0.0001 0.3842 0.01762 0.003 0.01342 0.02543 -0.2925
147  82.27  0.0001 0.3842 0.01762 0.003 0.01374 0.02638 -0.2929
107  82.27  0.0001 0.3842 0.01759 0.003 0.01381 0.02592 -0.2933
280  83.44  0.0001 0.3837 0.01828 0.003 0.008328 0.001388 -0.275
282  83.44  0.0001 0.3837 0.0182 0.003 0.008516 0.001963 -0.2754
263  83.45  0.0001 0.3837 0.01817 0.003 0.007978 0.004296 -0.2765
283  83.46  0.0001 0.3838 0.01807 0.003 0.007989 0.004283 -0.2776
246  83.47  0.0001 0.3838 0.01799 0.003 0.007707 0.004652 -0.2787
252  83.5  0.0001 0.3837 0.01818 0.003 -0.002053 0.01056 -0.2304
239  83.5  0.0001 0.3845 0.01733 0.003 0.04423 -0.01963 -0.2514
243  83.51  0.0001 0.3839 0.0176 0.003 0.007781 0.00452 -0.2829
