# ID time  diameter x y z u v w  (ex ey ez, color)
1  0.01176  0.0003 0.0168 0.01476 0.01843    0    0 -0.03
21  0.01445  0.0003 0.02234 0.01837 0.01843    0    0 -0.03
10  0.02181  0.0003 0.01985 0.01664 0.01843    0    0 -0.03
12  0.02255  0.0003 0.02169 0.01713 0.01843    0    0 -0.03
13  0.03609  0.0003 0.01653 0.01864 0.01843    0    0 -0.03
5  0.04717  0.0003 0.01463 0.01945 0.01843    0    0 -0.03
6  0.04802  0.0003 0.0164 0.01659 0.01843    0    0 -0.03
17  0.06173  0.0003 0.02068 0.01794 0.01843    0    0 -0.03
14  0.06205  0.0003 0.01734 0.01457 0.01843    0    0 -0.03
15  0.08376  0.0003 0.01769 0.01745 0.01843    0    0 -0.03
16  0.08673  0.0003 0.01458 0.01791 0.01843    0    0 -0.03
19  0.08945  0.0003 0.02031 0.01563 0.01843    0    0 -0.03
20  0.1136  0.0003 0.02053 0.01565 0.01843    0    0 -0.03
8  0.1177  0.0003 0.01711 0.01814 0.01843    0    0 -0.03
2  0.1265  0.0003 0.02081 0.01787 0.01843    0    0 -0.03
7  0.1366  0.0003 0.01643 0.01692 0.01843    0    0 -0.03
18  0.139  0.0003 0.01601 0.01848 0.01843    0    0 -0.03
3  0.1488  0.0003 0.01628 0.01757 0.01843    0    0 -0.03
11  0.183  0.0003 0.02369 0.01966 0.01843    0    0 -0.03
9  0.1889  0.0003 0.01754 0.01674 0.01843    0    0 -0.03
4  0.2052  0.0003 0.01673 0.01615 0.01843    0    0 -0.03
29  0.2302  0.0003 0.01504 0.01872 0.01843    0    0 -0.03
22  0.2336  0.0003 0.0168 0.01476 0.01843    0    0 -0.03
28  0.2421  0.0003 0.02325 0.01895 0.01843    0    0 -0.03
23  0.2434  0.0003 0.02081 0.01787 0.01843    0    0 -0.03
33  0.2535  0.0003 0.01711 0.01814 0.01843    0    0 -0.03
39  0.2549  0.0003 0.02035 0.01736 0.01843    0    0 -0.03
26  0.2691  0.0003 0.01482 0.01773 0.01843    0    0 -0.03
40  0.2692  0.0003 0.01642 0.01496 0.01843    0    0 -0.03
37  0.2798  0.0003 0.02245 0.01579 0.01843    0    0 -0.03
47  0.3094  0.0003 0.02166 0.0176 0.01843    0    0 -0.03
46  0.3102  0.0003 0.01458 0.01791 0.01843    0    0 -0.03
36  0.3135  0.0003 0.02169 0.01713 0.01843    0    0 -0.03
44  0.3225  0.0003 0.01769 0.01745 0.01843    0    0 -0.03
34  0.3375  0.0003 0.01723 0.01959 0.01843    0    0 -0.03
30  0.3389  0.0003 0.01463 0.01945 0.01843    0    0 -0.03
31  0.393  0.0003 0.01643 0.01692 0.01843    0    0 -0.03
27  0.4119  0.0003 0.01673 0.01615 0.01843    0    0 -0.03
43  0.416  0.0003 0.02045 0.01485 0.01843    0    0 -0.03
32  0.4198  0.0003 0.01962 0.01486 0.01843    0    0 -0.03
41  0.4257  0.0003 0.0191 0.01414 0.01843    0    0 -0.03
45  0.4512  0.0003 0.01577 0.01801 0.01843    0    0 -0.03
38  0.4525  0.0003 0.01653 0.01864 0.01843    0    0 -0.03
25  0.4533  0.0003 0.01997 0.01562 0.01843    0    0 -0.03
42  0.4603  0.0003 0.01734 0.01457 0.01843    0    0 -0.03
24  0.4644  0.0003 0.01628 0.01757 0.01843    0    0 -0.03
35  0.481  0.0003 0.01754 0.01674 0.01843    0    0 -0.03
80  0.5173  0.0003 0.02044 0.01858 0.01843    0    0 -0.03
85  0.5202  0.0003 0.01883 0.0192 0.01843    0    0 -0.03
83  0.5398  0.0003 0.01851 0.01681 0.01843    0    0 -0.03
77  0.5474  0.0003 0.01804 0.0197 0.01843    0    0 -0.03
94  0.5496  0.0003 0.01968 0.01637 0.01843    0    0 -0.03
81  0.5505  0.0003 0.01497 0.01668 0.01843    0    0 -0.03
86  0.5686  0.0003 0.01616 0.01567 0.01843    0    0 -0.03
79  0.582  0.0003 0.02394 0.01853 0.01843    0    0 -0.03
84  0.5989  0.0003 0.02262 0.01886 0.01843    0    0 -0.03
82  0.6095  0.0003 0.01984 0.01551 0.01843    0    0 -0.03
93  0.6243  0.0003 0.01603 0.01891 0.01843    0    0 -0.03
90  0.6355  0.0003 0.02373 0.01934 0.01843    0    0 -0.03
76  0.6408  0.0003 0.02083 0.01468 0.01843    0    0 -0.03
89  0.6618  0.0003 0.01763 0.0152 0.01843    0    0 -0.03
95  0.667  0.0003 0.02199 0.01693 0.01843    0    0 -0.03
91  0.6719  0.0003 0.01744 0.01849 0.01843    0    0 -0.03
87  0.6792  0.0003 0.015 0.01657 0.01843    0    0 -0.03
92  0.6895  0.0003 0.02047 0.0195 0.01843    0    0 -0.03
88  0.6987  0.0003 0.01617 0.01891 0.01843    0    0 -0.03
78  0.699  0.0003 0.01439 0.01888 0.01843    0    0 -0.03
97  0.7309  0.0003 0.02068 0.01794 0.01843    0    0 -0.03
99  0.7331  0.0003 0.02334 0.01691 0.01843    0    0 -0.03
105  0.7331  0.0003 0.01972 0.01526 0.01843    0    0 -0.03
117  0.7762  0.0003 0.01616 0.01567 0.01843    0    0 -0.03
106  0.7785  0.0003 0.01804 0.0197 0.01843    0    0 -0.03
115  0.7963  0.0003 0.01587 0.0178 0.01843    0    0 -0.03
113  0.7973  0.0003 0.01697 0.01686 0.01843    0    0 -0.03
121  0.8203  0.0003 0.0216 0.01586 0.01843    0    0 -0.03
114  0.8318  0.0003 0.02262 0.01886 0.01843    0    0 -0.03
120  0.8452  0.0003 0.02296 0.01804 0.01843    0    0 -0.03
119  0.8488  0.0003 0.01747 0.01859 0.01843    0    0 -0.03
96  0.8555  0.0003 0.0234 0.01844 0.01843    0    0 -0.03
102  0.8571  0.0003 0.02205 0.01867 0.01843    0    0 -0.03
112  0.8627  0.0003 0.01984 0.01551 0.01843    0    0 -0.03
104  0.8671  0.0003 0.01692 0.01946 0.01843    0    0 -0.03
118  0.8769  0.0003 0.02163 0.01831 0.01843    0    0 -0.03
111  0.9032  0.0003 0.01635 0.01953 0.01843    0    0 -0.03
100  0.9095  0.0003 0.02031 0.01563 0.01843    0    0 -0.03
110  0.9141  0.0003 0.01497 0.01668 0.01843    0    0 -0.03
103  0.9172  0.0003 0.02083 0.01468 0.01843    0    0 -0.03
116  0.9227  0.0003 0.01883 0.0192 0.01843    0    0 -0.03
107  0.9344  0.0003 0.01439 0.01888 0.01843    0    0 -0.03
98  0.9452  0.0003 0.01601 0.01848 0.01843    0    0 -0.03
108  0.967  0.0003 0.02394 0.01853 0.01843    0    0 -0.03
109  0.9688  0.0003 0.01894 0.01545 0.01843    0    0 -0.03
101  0.9924  0.0003 0.02053 0.01565 0.01843    0    0 -0.03
168  1.005  0.0003 0.02043 0.0181 0.01843    0    0 -0.03
170  1.008  0.0003 0.01976 0.01616 0.01843    0    0 -0.03
167  1.015  0.0003 0.01941 0.01807 0.01843    0    0 -0.03
154  1.034  0.0003 0.0201 0.01543 0.01843    0    0 -0.03
161  1.042  0.0003 0.01803 0.01874 0.01843    0    0 -0.03
169  1.047  0.0003 0.0163 0.01863 0.01843    0    0 -0.03
151  1.066  0.0003 0.02133 0.01814 0.01843    0    0 -0.03
153  1.072  0.0003 0.01952 0.01848 0.01843    0    0 -0.03
157  1.075  0.0003 0.02194 0.01688 0.01843    0    0 -0.03
152  1.096  0.0003 0.01684 0.01964 0.01843    0    0 -0.03
156  1.123  0.0003 0.0183 0.01678 0.01843    0    0 -0.03
165  1.129  0.0003 0.02247 0.01982 0.01843    0    0 -0.03
166  1.136  0.0003 0.01704 0.01575 0.01843    0    0 -0.03
158  1.137  0.0003 0.02181 0.01962 0.01843    0    0 -0.03
160  1.158  0.0003 0.01568 0.0187 0.01843    0    0 -0.03
155  1.176  0.0003 0.01451 0.01717 0.01843    0    0 -0.03
163  1.18  0.0003 0.02045 0.01613 0.01843    0    0 -0.03
164  1.198  0.0003 0.02044 0.01975 0.01843    0    0 -0.03
162  1.204  0.0003 0.01485 0.01799 0.01843    0    0 -0.03
159  1.208  0.0003 0.01543 0.01798 0.01843    0    0 -0.03
176  1.228  0.0003 0.0197 0.01944 0.01843    0    0 -0.03
106  1.237  0.0003 0.02407 0.01814 0.01814 -0.09862 -0.00363 -0.1372
192  1.24  0.0003 0.01495 0.01817 0.01843    0    0 -0.03
175  1.252  0.0003 0.01603 0.01891 0.01843    0    0 -0.03
182  1.255  0.0003 0.01684 0.01964 0.01843    0    0 -0.03
195  1.269  0.0003 0.0212 0.01539 0.01843    0    0 -0.03
185  1.269  0.0003 0.0162 0.01826 0.01843    0    0 -0.03
186  1.282  0.0003 0.01967 0.01435 0.01843    0    0 -0.03
188  1.286  0.0003 0.01618 0.01691 0.01843    0    0 -0.03
184  1.299  0.0003 0.01953 0.01867 0.01843    0    0 -0.03
172  1.299  0.0003 0.02183 0.01624 0.01843    0    0 -0.03
190  1.304  0.0003 0.02194 0.01688 0.01843    0    0 -0.03
181  1.316  0.0003 0.01477 0.01708 0.01843    0    0 -0.03
187  1.328  0.0003 0.01488 0.01786 0.01843    0    0 -0.03
180  1.346  0.0003 0.01795 0.01557 0.01843    0    0 -0.03
197  1.357  0.0003 0.01852 0.01915 0.01843    0    0 -0.03
183  1.385  0.0003 0.01989 0.01651 0.01843    0    0 -0.03
171  1.389  0.0003 0.01871 0.01898 0.01843    0    0 -0.03
189  1.399  0.0003 0.01656 0.01692 0.01843    0    0 -0.03
174  1.401  0.0003 0.02047 0.0195 0.01843    0    0 -0.03
194  1.41  0.0003 0.01803 0.01874 0.01843    0    0 -0.03
179  1.411  0.0003 0.01561 0.01817 0.01843    0    0 -0.03
177  1.426  0.0003 0.02199 0.01693 0.01843    0    0 -0.03
196  1.45  0.0003 0.02045 0.01613 0.01843    0    0 -0.03
191  1.468  0.0003 0.02181 0.01962 0.01843    0    0 -0.03
193  1.476  0.0003 0.01568 0.0187 0.01843    0    0 -0.03
178  1.484  0.0003 0.02324 0.01642 0.01843    0    0 -0.03
173  1.499  0.0003 0.02111 0.01615 0.01843    0    0 -0.03
245  1.512  0.0003 0.01887 0.01494 0.01843    0    0 -0.03
246  1.514  0.0003 0.02102 0.01621 0.01843    0    0 -0.03
242  1.537  0.0003 0.01771 0.01514 0.01843    0    0 -0.03
239  1.542  0.0003 0.01511 0.01726 0.01843    0    0 -0.03
233  1.55  0.0003 0.01795 0.01586 0.01843    0    0 -0.03
237  1.562  0.0003 0.0201 0.01537 0.01843    0    0 -0.03
227  1.575  0.0003 0.02124 0.01752 0.01843    0    0 -0.03
238  1.592  0.0003 0.02155 0.01829 0.01843    0    0 -0.03
244  1.605  0.0003 0.01722 0.01803 0.01843    0    0 -0.03
228  1.607  0.0003 0.01965 0.01918 0.01843    0    0 -0.03
230  1.618  0.0003 0.0179 0.01556 0.01843    0    0 -0.03
226  1.623  0.0003 0.01628 0.01688 0.01843    0    0 -0.03
240  1.624  0.0003 0.01497 0.01833 0.01843    0    0 -0.03
232  1.645  0.0003 0.01809 0.01841 0.01843    0    0 -0.03
234  1.647  0.0003 0.01572 0.01929 0.01843    0    0 -0.03
229  1.649  0.0003 0.01526 0.01632 0.01843    0    0 -0.03
235  1.661  0.0003 0.02308 0.0163 0.01843    0    0 -0.03
243  1.688  0.0003 0.01855 0.01842 0.01843    0    0 -0.03
241  1.69  0.0003 0.02149 0.01852 0.01843    0    0 -0.03
231  1.69  0.0003 0.02161 0.01895 0.01843    0    0 -0.03
236  1.691  0.0003 0.02055 0.0176 0.01843    0    0 -0.03
269  1.732  0.0003 0.02141 0.01968 0.01843    0    0 -0.03
267  1.736  0.0003 0.02269 0.01654 0.01843    0    0 -0.03
265  1.746  0.0003 0.02124 0.01752 0.01843    0    0 -0.03
254  1.746  0.0003 0.02328 0.01916 0.01843    0    0 -0.03
272  1.755  0.0003 0.02158 0.01753 0.01843    0    0 -0.03
251  1.755  0.0003 0.02314 0.01629 0.01843    0    0 -0.03
253  1.782  0.0003 0.01704 0.01575 0.01843    0    0 -0.03
248  1.792  0.0003 0.01415 0.01925 0.01843    0    0 -0.03
268  1.808  0.0003 0.01526 0.01632 0.01843    0    0 -0.03
247  1.84  0.0003 0.0201 0.01536 0.01843    0    0 -0.03
262  1.863  0.0003 0.01976 0.01616 0.01843    0    0 -0.03
255  1.869  0.0003 0.02043 0.0181 0.01843    0    0 -0.03
266  1.888  0.0003 0.02136 0.01577 0.01843    0    0 -0.03
261  1.911  0.0003 0.01545 0.01635 0.01843    0    0 -0.03
250  1.914  0.0003 0.02247 0.01982 0.01843    0    0 -0.03
257  1.921  0.0003 0.01813 0.01548 0.01843    0    0 -0.03
258  1.941  0.0003 0.0163 0.01863 0.01843    0    0 -0.03
264  1.941  0.0003 0.01628 0.01688 0.01843    0    0 -0.03
252  1.949  0.0003 0.02383 0.01857 0.01843    0    0 -0.03
256  1.952  0.0003 0.01698 0.01854 0.01843    0    0 -0.03
259  1.956  0.0003 0.0213 0.01657 0.01843    0    0 -0.03
263  1.957  0.0003 0.0207 0.01582 0.01843    0    0 -0.03
260  1.958  0.0003 0.02125 0.01911 0.01843    0    0 -0.03
249  1.974  0.0003 0.02044 0.01975 0.01843    0    0 -0.03
270  1.98  0.0003 0.01457 0.01927 0.01843    0    0 -0.03
271  1.996  0.0003 0.01809 0.01841 0.01843    0    0 -0.03
321  2.036  0.0003 0.01994 0.01551 0.01843    0    0 -0.03
307  2.047  0.0003 0.02 0.0187 0.01843    0    0 -0.03
309  2.056  0.0003 0.02175 0.01542 0.01843    0    0 -0.03
319  2.07  0.0003 0.01917 0.01547 0.01843    0    0 -0.03
302  2.089  0.0003 0.01773 0.0177 0.01843    0    0 -0.03
316  2.094  0.0003 0.01723 0.01779 0.01843    0    0 -0.03
308  2.106  0.0003 0.02258 0.01598 0.01843    0    0 -0.03
303  2.106  0.0003 0.01654 0.01597 0.01843    0    0 -0.03
301  2.107  0.0003 0.02087 0.01645 0.01843    0    0 -0.03
311  2.118  0.0003 0.01801 0.01601 0.01843    0    0 -0.03
304  2.124  0.0003 0.01606 0.01978 0.01843    0    0 -0.03
310  2.137  0.0003 0.01681 0.01867 0.01843    0    0 -0.03
305  2.15  0.0003 0.02195 0.01639 0.01843    0    0 -0.03
317  2.161  0.0003 0.01565 0.0194 0.01843    0    0 -0.03
312  2.167  0.0003 0.01686 0.01645 0.01843    0    0 -0.03
306  2.175  0.0003 0.02076 0.01938 0.01843    0    0 -0.03
314  2.184  0.0003 0.01656 0.0179 0.01843    0    0 -0.03
313  2.189  0.0003 0.01659 0.01929 0.01843    0    0 -0.03
318  2.205  0.0003 0.02244 0.01576 0.01843    0    0 -0.03
320  2.207  0.0003 0.02269 0.01955 0.01843    0    0 -0.03
315  2.21  0.0003 0.0189 0.01915 0.01843    0    0 -0.03
331  2.232  0.0003 0.01647 0.0162 0.01843    0    0 -0.03
334  2.234  0.0003 0.01855 0.01842 0.01843    0    0 -0.03
330  2.235  0.0003 0.01808 0.01685 0.01843    0    0 -0.03
338  2.245  0.0003 0.02102 0.01621 0.01843    0    0 -0.03
325  2.256  0.0003 0.02294 0.01818 0.01843    0    0 -0.03
326  2.299  0.0003 0.01736 0.01864 0.01843    0    0 -0.03
339  2.302  0.0003 0.01561 0.01644 0.01843    0    0 -0.03
327  2.314  0.0003 0.01967 0.0186 0.01843    0    0 -0.03
345  2.315  0.0003 0.01522 0.01649 0.01843    0    0 -0.03
336  2.334  0.0003 0.02266 0.01599 0.01843    0    0 -0.03
335  2.342  0.0003 0.01602 0.01569 0.01843    0    0 -0.03
322  2.35  0.0003 0.01578 0.01975 0.01843    0    0 -0.03
342  2.353  0.0003 0.02026 0.01585 0.01843    0    0 -0.03
332  2.393  0.0003 0.01594 0.01794 0.01843    0    0 -0.03
343  2.403  0.0003 0.02018 0.01805 0.01843    0    0 -0.03
329  2.414  0.0003 0.0229 0.01804 0.01843    0    0 -0.03
340  2.415  0.0003 0.02307 0.01678 0.01843    0    0 -0.03
328  2.43  0.0003 0.0201 0.01537 0.01843    0    0 -0.03
333  2.448  0.0003 0.01771 0.01514 0.01843    0    0 -0.03
344  2.459  0.0003 0.01606 0.01978 0.01843    0    0 -0.03
323  2.473  0.0003 0.01965 0.01827 0.01843    0    0 -0.03
337  2.481  0.0003 0.01722 0.01803 0.01843    0    0 -0.03
324  2.482  0.0003 0.01714 0.01984 0.01843    0    0 -0.03
346  2.484  0.0003 0.01802 0.01726 0.01843    0    0 -0.03
341  2.49  0.0003 0.01773 0.0177 0.01843    0    0 -0.03
347  2.501  0.0003 0.01833 0.01865 0.01843    0    0 -0.03
382  2.506  0.0003 0.02061 0.01576 0.01843    0    0 -0.03
393  2.51  0.0003 0.01628 0.01565 0.01843    0    0 -0.03
384  2.514  0.0003 0.01908 0.01723 0.01843    0    0 -0.03
385  2.514  0.0003 0.01856 0.01417 0.01843    0    0 -0.03
383  2.516  0.0003 0.02218 0.01646 0.01843    0    0 -0.03
379  2.516  0.0003 0.01535 0.01774 0.01843    0    0 -0.03
388  2.539  0.0003 0.01766 0.01571 0.01843    0    0 -0.03
390  2.556  0.0003 0.01831 0.01831 0.01843    0    0 -0.03
389  2.562  0.0003 0.02076 0.01577 0.01843    0    0 -0.03
391  2.57  0.0003 0.01818 0.0197 0.01843    0    0 -0.03
380  2.58  0.0003 0.01998 0.01523 0.01843    0    0 -0.03
377  2.602  0.0003 0.01561 0.01873 0.01843    0    0 -0.03
395  2.604  0.0003 0.01977 0.01592 0.01843    0    0 -0.03
381  2.61  0.0003 0.0176 0.01613 0.01843    0    0 -0.03
378  2.611  0.0003 0.02174 0.01945 0.01843    0    0 -0.03
392  2.629  0.0003 0.01861 0.01802 0.01843    0    0 -0.03
387  2.649  0.0003 0.01536 0.01815 0.01843    0    0 -0.03
394  2.656  0.0003 0.01507 0.01934 0.01843    0    0 -0.03
376  2.71  0.0003 0.01601 0.01853 0.01843    0    0 -0.03
386  2.714  0.0003 0.02043 0.01602 0.01843    0    0 -0.03
419  2.746  0.0003 0.01917 0.01547 0.01843    0    0 -0.03
412  2.75  0.0003 0.01977 0.01625 0.01843    0    0 -0.03
397  2.756  0.0003 0.02304 0.01702 0.01843    0    0 -0.03
411  2.763  0.0003 0.01919 0.01737 0.01843    0    0 -0.03
421  2.794  0.0003 0.01601 0.01853 0.01843    0    0 -0.03
400  2.794  0.0003 0.02294 0.018 0.01843    0    0 -0.03
417  2.819  0.0003 0.01565 0.0194 0.01843    0    0 -0.03
398  2.825  0.0003 0.02267 0.017 0.01843    0    0 -0.03
396  2.833  0.0003 0.01955 0.01906 0.01843    0    0 -0.03
399  2.861  0.0003 0.0204 0.01858 0.01843    0    0 -0.03
405  2.882  0.0003 0.01474 0.01663 0.01843    0    0 -0.03
406  2.895  0.0003 0.02347 0.0177 0.01843    0    0 -0.03
401  2.897  0.0003 0.01681 0.01867 0.01843    0    0 -0.03
404  2.899  0.0003 0.01699 0.01484 0.01843    0    0 -0.03
374  2.906  0.0003 0.014 0.01979 0.01834 0.0337 -0.0763 -0.0823
415  2.913  0.0003 0.01723 0.01779 0.01843    0    0 -0.03
408  2.919  0.0003 0.01732 0.0173 0.01843    0    0 -0.03
403  2.926  0.0003 0.0162 0.01808 0.01843    0    0 -0.03
410  2.931  0.0003 0.01656 0.0179 0.01843    0    0 -0.03
409  2.949  0.0003 0.01659 0.01929 0.01843    0    0 -0.03
418  2.95  0.0003 0.02244 0.01576 0.01843    0    0 -0.03
416  2.969  0.0003 0.01997 0.01612 0.01843    0    0 -0.03
402  2.977  0.0003 0.01801 0.01601 0.01843    0    0 -0.03
413  2.977  0.0003 0.01547 0.01632 0.01843    0    0 -0.03
414  2.987  0.0003 0.0189 0.01915 0.01843    0    0 -0.03
407  2.987  0.0003 0.01685 0.01916 0.01843    0    0 -0.03
420  2.991  0.0003 0.01994 0.01551 0.01843    0    0 -0.03
463  3.022  0.0003 0.02313 0.01902 0.01843    0    0 -0.03
470  3.024  0.0003 0.02191 0.01947 0.01843    0    0 -0.03
468  3.026  0.0003 0.02134 0.0194 0.01843    0    0 -0.03
466  3.033  0.0003 0.01823 0.01426 0.01843    0    0 -0.03
452  3.038  0.0003 0.0212 0.01899 0.01843    0    0 -0.03
451  3.048  0.0003 0.01913 0.01757 0.01843    0    0 -0.03
465  3.055  0.0003 0.01447 0.01726 0.01843    0    0 -0.03
454  3.07  0.0003 0.02256 0.0157 0.01843    0    0 -0.03
464  3.117  0.0003 0.01506 0.01708 0.01843    0    0 -0.03
456  3.128  0.0003 0.02288 0.01798 0.01843    0    0 -0.03
469  3.152  0.0003 0.02232 0.01655 0.01843    0    0 -0.03
471  3.154  0.0003 0.02276 0.0173 0.01843    0    0 -0.03
462  3.157  0.0003 0.01985 0.01743 0.01843    0    0 -0.03
455  3.158  0.0003 0.0157 0.01847 0.01843    0    0 -0.03
453  3.175  0.0003 0.02286 0.01693 0.01843    0    0 -0.03
457  3.177  0.0003 0.02206 0.01796 0.01843    0    0 -0.03
467  3.179  0.0003 0.01926 0.01734 0.01843    0    0 -0.03
461  3.197  0.0003 0.01944 0.01417 0.01843    0    0 -0.03
459  3.206  0.0003 0.01759 0.01498 0.01843    0    0 -0.03
460  3.21  0.0003 0.01738 0.01825 0.01843    0    0 -0.03
458  3.212  0.0003 0.02176 0.01907 0.01843    0    0 -0.03
496  3.236  0.0003 0.02235 0.01539 0.01843    0    0 -0.03
482  3.247  0.0003 0.01486 0.0174 0.01843    0    0 -0.03
485  3.249  0.0003 0.02043 0.01602 0.01843    0    0 -0.03
488  3.253  0.0003 0.01554 0.01663 0.01843    0    0 -0.03
479  3.262  0.0003 0.02061 0.01576 0.01843    0    0 -0.03
493  3.277  0.0003 0.02228 0.018 0.01843    0    0 -0.03
483  3.301  0.0003 0.01856 0.01417 0.01843    0    0 -0.03
491  3.305  0.0003 0.01954 0.01846 0.01843    0    0 -0.03
495  3.322  0.0003 0.01862 0.016 0.01843    0    0 -0.03
486  3.337  0.0003 0.01854 0.01581 0.01843    0    0 -0.03
484  3.362  0.0003 0.01737 0.01784 0.01843    0    0 -0.03
487  3.371  0.0003 0.01536 0.01815 0.01843    0    0 -0.03
478  3.373  0.0003 0.01998 0.01523 0.01843    0    0 -0.03
489  3.381  0.0003 0.01655 0.019 0.01843    0    0 -0.03
473  3.397  0.0003 0.02174 0.01945 0.01843    0    0 -0.03
480  3.416  0.0003 0.02218 0.01646 0.01843    0    0 -0.03
497  3.426  0.0003 0.02227 0.0164 0.01843    0    0 -0.03
472  3.429  0.0003 0.01561 0.01873 0.01843    0    0 -0.03
476  3.439  0.0003 0.01535 0.01774 0.01843    0    0 -0.03
475  3.46  0.0003 0.02115 0.01512 0.01843    0    0 -0.03
477  3.477  0.0003 0.01693 0.01666 0.01843    0    0 -0.03
481  3.485  0.0003 0.01854 0.01753 0.01843    0    0 -0.03
474  3.493  0.0003 0.02068 0.01552 0.01843    0    0 -0.03
492  3.496  0.0003 0.01921 0.0153 0.01843    0    0 -0.03
494  3.502  0.0003 0.01454 0.01972 0.01843    0    0 -0.03
490  3.502  0.0003 0.01576 0.01741 0.01843    0    0 -0.03
539  3.514  0.0003 0.01771 0.01491 0.01843    0    0 -0.03
530  3.54  0.0003 0.01735 0.01524 0.01843    0    0 -0.03
528  3.544  0.0003 0.02141 0.01882 0.01843    0    0 -0.03
534  3.565  0.0003 0.02338 0.01762 0.01843    0    0 -0.03
536  3.579  0.0003 0.02073 0.01682 0.01843    0    0 -0.03
531  3.589  0.0003 0.02215 0.01982 0.01843    0    0 -0.03
538  3.604  0.0003 0.02146 0.01691 0.01843    0    0 -0.03
527  3.612  0.0003 0.02177 0.01675 0.01843    0    0 -0.03
542  3.617  0.0003 0.02094 0.01509 0.01843    0    0 -0.03
544  3.619  0.0003 0.02038 0.01893 0.01843    0    0 -0.03
541  3.646  0.0003 0.01948 0.01421 0.01843    0    0 -0.03
537  3.654  0.0003 0.02166 0.01818 0.01843    0    0 -0.03
533  3.657  0.0003 0.01602 0.01779 0.01843    0    0 -0.03
545  3.672  0.0003 0.01912 0.01629 0.01843    0    0 -0.03
532  3.674  0.0003 0.02047 0.01599 0.01843    0    0 -0.03
529  3.682  0.0003 0.01889 0.01895 0.01843    0    0 -0.03
535  3.687  0.0003 0.02237 0.01642 0.01843    0    0 -0.03
543  3.69  0.0003 0.01683 0.01535 0.01843    0    0 -0.03
540  3.692  0.0003 0.01967 0.0158 0.01843    0    0 -0.03
526  3.702  0.0003 0.01561 0.01865 0.01843    0    0 -0.03
548  3.738  0.0003 0.01861 0.01802 0.01843    0    0 -0.03
556  3.74  0.0003 0.02288 0.01798 0.01843    0    0 -0.03
565  3.751  0.0003 0.02065 0.01574 0.01843    0    0 -0.03
549  3.762  0.0003 0.01913 0.01757 0.01843    0    0 -0.03
550  3.764  0.0003 0.0212 0.01899 0.01843    0    0 -0.03
571  3.767  0.0003 0.01926 0.01734 0.01843    0    0 -0.03
563  3.79  0.0003 0.01738 0.01825 0.01843    0    0 -0.03
559  3.793  0.0003 0.02176 0.01907 0.01843    0    0 -0.03
566  3.811  0.0003 0.01506 0.01708 0.01843    0    0 -0.03
554  3.828  0.0003 0.0157 0.01847 0.01843    0    0 -0.03
558  3.832  0.0003 0.01707 0.0196 0.01843    0    0 -0.03
547  3.836  0.0003 0.01818 0.0197 0.01843    0    0 -0.03
568  3.855  0.0003 0.01823 0.01426 0.01843    0    0 -0.03
562  3.867  0.0003 0.01892 0.01955 0.01843    0    0 -0.03
567  3.874  0.0003 0.01447 0.01726 0.01843    0    0 -0.03
570  3.874  0.0003 0.02218 0.01615 0.01843    0    0 -0.03
557  3.876  0.0003 0.02206 0.01796 0.01843    0    0 -0.03
553  3.88  0.0003 0.02256 0.0157 0.01843    0    0 -0.03
560  3.926  0.0003 0.01759 0.01498 0.01843    0    0 -0.03
569  3.943  0.0003 0.01823 0.01819 0.01843    0    0 -0.03
555  3.95  0.0003 0.01506 0.01911 0.01843    0    0 -0.03
546  3.962  0.0003 0.01525 0.01694 0.01843    0    0 -0.03
552  3.97  0.0003 0.01503 0.01703 0.01843    0    0 -0.03
561  3.976  0.0003 0.02085 0.01678 0.01843    0    0 -0.03
564  3.988  0.0003 0.01985 0.01743 0.01843    0    0 -0.03
551  4.004  0.0003 0.01761 0.01574 0.01843    0    0 -0.03
611  4.017  0.0003 0.01579 0.01983 0.01843    0    0 -0.03
604  4.019  0.0003 0.01666 0.01971 0.01843    0    0 -0.03
614  4.031  0.0003 0.01784 0.01529 0.01843    0    0 -0.03
616  4.044  0.0003 0.01747 0.01437 0.01843    0    0 -0.03
618  4.054  0.0003 0.02268 0.01882 0.01843    0    0 -0.03
606  4.057  0.0003 0.01885 0.01576 0.01843    0    0 -0.03
602  4.086  0.0003 0.01456 0.01816 0.01843    0    0 -0.03
613  4.092  0.0003 0.01684 0.01937 0.01843    0    0 -0.03
607  4.094  0.0003 0.01724 0.01965 0.01843    0    0 -0.03
619  4.096  0.0003 0.01526 0.01829 0.01843    0    0 -0.03
605  4.096  0.0003 0.01546 0.01717 0.01843    0    0 -0.03
617  4.102  0.0003 0.01815 0.01737 0.01843    0    0 -0.03
620  4.105  0.0003 0.01875 0.01557 0.01843    0    0 -0.03
608  4.13  0.0003 0.01868 0.01439 0.01843    0    0 -0.03
609  4.146  0.0003 0.02259 0.01852 0.01843    0    0 -0.03
612  4.17  0.0003 0.0178 0.01847 0.01843    0    0 -0.03
601  4.172  0.0003 0.0211 0.01712 0.01843    0    0 -0.03
621  4.181  0.0003 0.01682 0.01495 0.01843    0    0 -0.03
610  4.183  0.0003 0.02043 0.01595 0.01843    0    0 -0.03
410  4.192  0.0003 0.02271 0.01567 0.01843 -0.06449 0.09202 -0.09125
603  4.196  0.0003 0.01608 0.01648 0.01843    0    0 -0.03
615  4.21  0.0003 0.01778 0.01783 0.01843    0    0 -0.03
630  4.243  0.0003 0.02215 0.01982 0.01843    0    0 -0.03
641  4.247  0.0003 0.02251 0.01862 0.01843    0    0 -0.03
647  4.255  0.0003 0.02186 0.01914 0.01843    0    0 -0.03
646  4.278  0.0003 0.01989 0.01444 0.01843    0    0 -0.03
643  4.286  0.0003 0.01683 0.01535 0.01843    0    0 -0.03
623  4.307  0.0003 0.02294 0.01616 0.01843    0    0 -0.03
632  4.314  0.0003 0.02342 0.01752 0.01843    0    0 -0.03
625  4.328  0.0003 0.02307 0.01948 0.01843    0    0 -0.03
640  4.344  0.0003 0.02092 0.01976 0.01843    0    0 -0.03
634  4.358  0.0003 0.01812 0.01492 0.01843    0    0 -0.03
644  4.375  0.0003 0.01619 0.01511 0.01843    0    0 -0.03
624  4.396  0.0003 0.01637 0.01736 0.01843    0    0 -0.03
626  4.398  0.0003 0.02276 0.0173 0.01843    0    0 -0.03
628  4.404  0.0003 0.01889 0.01895 0.01843    0    0 -0.03
642  4.41  0.0003 0.01653 0.01861 0.01843    0    0 -0.03
631  4.412  0.0003 0.01744 0.0184 0.01843    0    0 -0.03
515  4.416  0.0003 0.02348 0.01807 0.01843 -0.1342 0.07684 -0.512
622  4.44  0.0003 0.02134 0.0194 0.01843    0    0 -0.03
515  4.465  0.0003 0.02229 0.01607 0.01843 -0.01483 -0.0514 -0.173
637  4.468  0.0003 0.02146 0.01691 0.01843    0    0 -0.03
629  4.468  0.0003 0.01981 0.0142 0.01843    0    0 -0.03
638  4.469  0.0003 0.01771 0.01491 0.01843    0    0 -0.03
636  4.472  0.0003 0.01898 0.01872 0.01843    0    0 -0.03
645  4.477  0.0003 0.02038 0.01893 0.01843    0    0 -0.03
633  4.487  0.0003 0.01727 0.01595 0.01843    0    0 -0.03
627   4.5  0.0003 0.01914 0.01857 0.01843    0    0 -0.03
639  4.501  0.0003 0.01834 0.01805 0.01843    0    0 -0.03
635  4.503  0.0003 0.0175 0.01925 0.01843    0    0 -0.03
683  4.512  0.0003 0.01569 0.01863 0.01843    0    0 -0.03
684  4.514  0.0003 0.01897 0.01649 0.01843    0    0 -0.03
682  4.518  0.0003 0.01796 0.01978 0.01843    0    0 -0.03
685  4.542  0.0003 0.01988 0.01948 0.01843    0    0 -0.03
689  4.568  0.0003 0.01749 0.01777 0.01843    0    0 -0.03
695  4.573  0.0003 0.01809 0.01844 0.01843    0    0 -0.03
690  4.59  0.0003 0.01975 0.01953 0.01843    0    0 -0.03
676  4.59  0.0003 0.0224 0.01796 0.01843    0    0 -0.03
696  4.592  0.0003 0.02061 0.01466 0.01843    0    0 -0.03
692  4.604  0.0003 0.02352 0.01721 0.01843    0    0 -0.03
694  4.612  0.0003 0.01919 0.01483 0.01843    0    0 -0.03
677  4.62  0.0003 0.01743 0.01676 0.01843    0    0 -0.03
681  4.634  0.0003 0.01568 0.01728 0.01843    0    0 -0.03
688  4.64  0.0003 0.02266 0.01744 0.01843    0    0 -0.03
693  4.642  0.0003 0.02054 0.01567 0.01843    0    0 -0.03
691  4.65  0.0003 0.01969 0.01484 0.01843    0    0 -0.03
686  4.664  0.0003 0.02154 0.01747 0.01843    0    0 -0.03
679  4.665  0.0003 0.02012 0.01442 0.01843    0    0 -0.03
678  4.67  0.0003 0.01563 0.01809 0.01843    0    0 -0.03
680  4.684  0.0003 0.01874 0.01904 0.01843    0    0 -0.03
687  4.702  0.0003 0.02362 0.01736 0.01843    0    0 -0.03
715  4.756  0.0003 0.01526 0.01829 0.01843    0    0 -0.03
709  4.789  0.0003 0.01988 0.01978 0.01843    0    0 -0.03
698  4.795  0.0003 0.01912 0.01629 0.01843    0    0 -0.03
705  4.802  0.0003 0.01893 0.01958 0.01843    0    0 -0.03
701  4.834  0.0003 0.01846 0.01623 0.01843    0    0 -0.03
720  4.839  0.0003 0.01682 0.0159 0.01843    0    0 -0.03
717  4.858  0.0003 0.01565 0.01981 0.01843    0    0 -0.03
635  4.873  0.0003 0.02027 0.01647 0.01843 0.03551 -0.1982 -0.08137
699  4.873  0.0003 0.01456 0.01816 0.01843    0    0 -0.03
697  4.882  0.0003 0.01964 0.01633 0.01843    0    0 -0.03
707  4.887  0.0003 0.01734 0.01821 0.01843    0    0 -0.03
710  4.89  0.0003 0.01868 0.01439 0.01843    0    0 -0.03
708  4.891  0.0003 0.01885 0.01576 0.01843    0    0 -0.03
706  4.893  0.0003 0.01904 0.01521 0.01843    0    0 -0.03
714  4.913  0.0003 0.01815 0.01737 0.01843    0    0 -0.03
712  4.939  0.0003 0.01579 0.01983 0.01843    0    0 -0.03
702  4.94  0.0003 0.02275 0.01853 0.01843    0    0 -0.03
719  4.942  0.0003 0.01743 0.01676 0.01843    0    0 -0.03
721  4.944  0.0003 0.0184 0.01982 0.01843    0    0 -0.03
700  4.952  0.0003 0.01608 0.01648 0.01843    0    0 -0.03
704  4.955  0.0003 0.01666 0.01971 0.01843    0    0 -0.03
711  4.959  0.0003 0.02043 0.01595 0.01843    0    0 -0.03
703  4.961  0.0003 0.02119 0.01918 0.01843    0    0 -0.03
718  4.971  0.0003 0.01682 0.01495 0.01843    0    0 -0.03
713  4.973  0.0003 0.01747 0.01437 0.01843    0    0 -0.03
722  4.974  0.0003 0.01433 0.0186 0.01843    0    0 -0.03
716  4.974  0.0003 0.01875 0.01557 0.01843    0    0 -0.03
770  5.013  0.0003 0.01571 0.01669 0.01843    0    0 -0.03
753  5.049  0.0003 0.01829 0.01548 0.01843    0    0 -0.03
760  5.049  0.0003 0.02386 0.01874 0.01843    0    0 -0.03
762  5.052  0.0003 0.0182 0.01921 0.01843    0    0 -0.03
759  5.057  0.0003 0.01822 0.01976 0.01843    0    0 -0.03
769  5.062  0.0003 0.02082 0.01818 0.01843    0    0 -0.03
757  5.065  0.0003 0.02312 0.01944 0.01843    0    0 -0.03
763  5.075  0.0003 0.0208 0.01899 0.01843    0    0 -0.03
768  5.083  0.0003 0.01685 0.01805 0.01843    0    0 -0.03
756  5.103  0.0003 0.01822 0.01917 0.01843    0    0 -0.03
771  5.111  0.0003 0.0211 0.0152 0.01843    0    0 -0.03
755  5.115  0.0003 0.02087 0.01689 0.01843    0    0 -0.03
766  5.124  0.0003 0.01623 0.01564 0.01843    0    0 -0.03
767  5.13  0.0003 0.02186 0.01797 0.01843    0    0 -0.03
752  5.138  0.0003 0.01808 0.01853 0.01843    0    0 -0.03
761  5.141  0.0003 0.01629 0.01546 0.01843    0    0 -0.03
754  5.182  0.0003 0.01952 0.01946 0.01843    0    0 -0.03
764  5.188  0.0003 0.01857 0.01588 0.01843    0    0 -0.03
758  5.197  0.0003 0.01655 0.01694 0.01843    0    0 -0.03
765  5.198  0.0003 0.0166 0.0151 0.01843    0    0 -0.03
751  5.21  0.0003 0.01925 0.01455 0.01843    0    0 -0.03
789  5.226  0.0003 0.02278 0.01614 0.01843    0    0 -0.03
783  5.227  0.0003 0.02046 0.01571 0.01843    0    0 -0.03
795  5.238  0.0003 0.01551 0.01852 0.01843    0    0 -0.03
782  5.26  0.0003 0.01975 0.01953 0.01843    0    0 -0.03
791  5.264  0.0003 0.02061 0.01466 0.01843    0    0 -0.03
780  5.271  0.0003 0.02154 0.01747 0.01843    0    0 -0.03
776  5.274  0.0003 0.02276 0.01594 0.01843    0    0 -0.03
784  5.286  0.0003 0.01969 0.01484 0.01843    0    0 -0.03
794  5.29  0.0003 0.01808 0.01853 0.01843    0    0 -0.03
788  5.306  0.0003 0.01505 0.0164 0.01843    0    0 -0.03
792  5.312  0.0003 0.01874 0.01516 0.01843    0    0 -0.03
775  5.314  0.0003 0.01568 0.01728 0.01843    0    0 -0.03
779  5.324  0.0003 0.01446 0.01728 0.01843    0    0 -0.03
786  5.344  0.0003 0.02388 0.01903 0.01843    0    0 -0.03
787  5.351  0.0003 0.02077 0.01573 0.01843    0    0 -0.03
772  5.396  0.0003 0.02012 0.01442 0.01843    0    0 -0.03
774  5.406  0.0003 0.01874 0.01904 0.01843    0    0 -0.03
777  5.407  0.0003 0.02129 0.01975 0.01843    0    0 -0.03
781  5.41  0.0003 0.02266 0.01744 0.01843    0    0 -0.03
797  5.411  0.0003 0.01455 0.01768 0.01843    0    0 -0.03
773  5.415  0.0003 0.02353 0.01863 0.01843    0    0 -0.03
778  5.43  0.0003 0.01988 0.01948 0.01843    0    0 -0.03
785  5.437  0.0003 0.02352 0.01721 0.01843    0    0 -0.03
790  5.444  0.0003 0.01498 0.01707 0.01843    0    0 -0.03
796  5.493  0.0003 0.01829 0.01548 0.01843    0    0 -0.03
793  5.499  0.0003 0.01901 0.01464 0.01843    0    0 -0.03
837  5.516  0.0003 0.01974 0.01796 0.01843    0    0 -0.03
832  5.528  0.0003 0.01827 0.01745 0.01843    0    0 -0.03
843  5.531  0.0003 0.01985 0.01629 0.01843    0    0 -0.03
826  5.533  0.0003 0.02162 0.01934 0.01843    0    0 -0.03
829  5.534  0.0003 0.02201 0.01842 0.01843    0    0 -0.03
842  5.545  0.0003 0.02351 0.01722 0.01843    0    0 -0.03
839  5.552  0.0003 0.02008 0.01424 0.01843    0    0 -0.03
840  5.569  0.0003 0.02042 0.01778 0.01843    0    0 -0.03
841  5.572  0.0003 0.01438 0.01895 0.01843    0    0 -0.03
831  5.573  0.0003 0.01879 0.01436 0.01843    0    0 -0.03
836  5.575  0.0003 0.02056 0.01569 0.01843    0    0 -0.03
835  5.59  0.0003 0.01481 0.01977 0.01843    0    0 -0.03
828  5.594  0.0003 0.01959 0.01865 0.01843    0    0 -0.03
844  5.599  0.0003 0.01697 0.01876 0.01843    0    0 -0.03
838  5.654  0.0003 0.01823 0.01912 0.01843    0    0 -0.03
845  5.662  0.0003 0.01418 0.01921 0.01843    0    0 -0.03
834  5.666  0.0003 0.02165 0.0195 0.01843    0    0 -0.03
833  5.668  0.0003 0.01469 0.01889 0.01843    0    0 -0.03
830  5.672  0.0003 0.02338 0.01781 0.01843    0    0 -0.03
827  5.685  0.0003 0.01815 0.01632 0.01843    0    0 -0.03
852  5.733  0.0003 0.01873 0.01821 0.01843    0    0 -0.03
848  5.76  0.0003 0.02312 0.01944 0.01843    0    0 -0.03
851  5.769  0.0003 0.02275 0.01889 0.01843    0    0 -0.03
871  5.792  0.0003 0.01815 0.01632 0.01843    0    0 -0.03
855  5.797  0.0003 0.02206 0.01926 0.01843    0    0 -0.03
868  5.814  0.0003 0.02172 0.01589 0.01843    0    0 -0.03
854  5.817  0.0003 0.01629 0.01546 0.01843    0    0 -0.03
847  5.819  0.0003 0.01822 0.01917 0.01843    0    0 -0.03
867  5.828  0.0003 0.0211 0.0152 0.01843    0    0 -0.03
849  5.828  0.0003 0.02111 0.01962 0.01843    0    0 -0.03
850  5.846  0.0003 0.01655 0.01694 0.01843    0    0 -0.03
870  5.862  0.0003 0.01663 0.01881 0.01843    0    0 -0.03
846  5.872  0.0003 0.0197 0.01777 0.01843    0    0 -0.03
858  5.873  0.0003 0.02066 0.01677 0.01843    0    0 -0.03
866  5.901  0.0003 0.01534 0.01856 0.01843    0    0 -0.03
865  5.901  0.0003 0.01685 0.01805 0.01843    0    0 -0.03
861  5.913  0.0003 0.01857 0.01588 0.01843    0    0 -0.03
864  5.916  0.0003 0.02186 0.01797 0.01843    0    0 -0.03
862  5.922  0.0003 0.01701 0.01494 0.01843    0    0 -0.03
869  5.925  0.0003 0.02116 0.01457 0.01843    0    0 -0.03
860  5.93  0.0003 0.01891 0.01547 0.01843    0    0 -0.03
853  5.933  0.0003 0.02078 0.01844 0.01843    0    0 -0.03
856  5.941  0.0003 0.01825 0.01567 0.01843    0    0 -0.03
859  5.942  0.0003 0.0208 0.01899 0.01843    0    0 -0.03
863  5.964  0.0003 0.0166 0.0151 0.01843    0    0 -0.03
857  5.975  0.0003 0.0182 0.01921 0.01843    0    0 -0.03
