# ID time  diameter x y z u v w  (ex ey ez, color)
51  0.0275  0.0003 0.01826 0.02318 0.01843    0    0 -0.03
57  0.03284  0.0003 0.01829 0.02213 0.01843    0    0 -0.03
50  0.04657  0.0003 0.01808 0.02272 0.01843    0    0 -0.03
53  0.05923  0.0003 0.01705 0.02098 0.01843    0    0 -0.03
59  0.06016  0.0003 0.02153 0.02145 0.01843    0    0 -0.03
49  0.07527  0.0003 0.02226 0.02271 0.01843    0    0 -0.03
56  0.0878  0.0003 0.02309 0.0209 0.01843    0    0 -0.03
58  0.09846  0.0003 0.01666 0.02269 0.01843    0    0 -0.03
52  0.1135  0.0003 0.01712 0.02242 0.01843    0    0 -0.03
54  0.1686  0.0003 0.01998 0.02162 0.01843    0    0 -0.03
55  0.1828  0.0003 0.01943 0.02314 0.01843    0    0 -0.03
48  0.1923  0.0003 0.02059 0.02017 0.01843    0    0 -0.03
72  0.2735  0.0003 0.01667 0.02303 0.01843    0    0 -0.03
63  0.2972  0.0003 0.01808 0.02272 0.01843    0    0 -0.03
66  0.342  0.0003 0.02025 0.02367 0.01843    0    0 -0.03
65  0.3469  0.0003 0.01705 0.02098 0.01843    0    0 -0.03
69  0.3519  0.0003 0.01943 0.02314 0.01843    0    0 -0.03
70  0.3521  0.0003 0.02309 0.0209 0.01843    0    0 -0.03
68  0.3625  0.0003 0.02131 0.02105 0.01843    0    0 -0.03
67  0.3746  0.0003 0.02103 0.02112 0.01843    0    0 -0.03
71  0.3843  0.0003 0.02214 0.02212 0.01843    0    0 -0.03
64  0.4105  0.0003 0.01703 0.02308 0.01843    0    0 -0.03
74  0.4134  0.0003 0.02153 0.02145 0.01843    0    0 -0.03
75  0.4309  0.0003 0.02206 0.02045 0.01843    0    0 -0.03
73  0.4514  0.0003 0.01791 0.02168 0.01843    0    0 -0.03
60  0.4746  0.0003 0.01563 0.0224 0.01843    0    0 -0.03
62  0.4821  0.0003 0.02226 0.02271 0.01843    0    0 -0.03
61  0.49  0.0003 0.02059 0.02017 0.01843    0    0 -0.03
133  0.5081  0.0003 0.01545 0.0212 0.01843    0    0 -0.03
127  0.5296  0.0003 0.0198 0.02115 0.01843    0    0 -0.03
134  0.5537  0.0003 0.0173 0.0233 0.01843    0    0 -0.03
130  0.5591  0.0003 0.0159 0.02084 0.01843    0    0 -0.03
125  0.5594  0.0003 0.02335 0.02054 0.01843    0    0 -0.03
129  0.5598  0.0003 0.0211 0.02097 0.01843    0    0 -0.03
68  0.6029  0.0003 0.0165 0.02347 0.0183 0.2226 -0.0529 -0.1972
131  0.63  0.0003 0.01822 0.02322 0.01843    0    0 -0.03
124  0.6364  0.0003 0.0174 0.0211 0.01843    0    0 -0.03
132  0.6375  0.0003 0.02119 0.02175 0.01843    0    0 -0.03
122  0.6443  0.0003 0.02206 0.02045 0.01843    0    0 -0.03
126  0.661  0.0003 0.01815 0.02297 0.01843    0    0 -0.03
128  0.6636  0.0003 0.01688 0.0213 0.01843    0    0 -0.03
123  0.6648  0.0003 0.0222 0.02101 0.01843    0    0 -0.03
144  0.7263  0.0003 0.0211 0.02097 0.01843    0    0 -0.03
148  0.7312  0.0003 0.0159 0.02084 0.01843    0    0 -0.03
141  0.739  0.0003 0.0198 0.02115 0.01843    0    0 -0.03
145  0.7524  0.0003 0.01888 0.02231 0.01843    0    0 -0.03
149  0.7586  0.0003 0.01822 0.02322 0.01843    0    0 -0.03
139  0.7713  0.0003 0.01562 0.02101 0.01843    0    0 -0.03
1  0.7801  0.0003 0.01903 0.0231 0.01843 -0.04854 -0.1157 -0.1467
143  0.8357  0.0003 0.01815 0.02239 0.01843    0    0 -0.03
136  0.8729  0.0003 0.0222 0.02101 0.01843    0    0 -0.03
142  0.8885  0.0003 0.01688 0.0213 0.01843    0    0 -0.03
135  0.8974  0.0003 0.01838 0.02164 0.01843    0    0 -0.03
150  0.9064  0.0003 0.02119 0.02175 0.01843    0    0 -0.03
137  0.9113  0.0003 0.0174 0.0211 0.01843    0    0 -0.03
140  0.9273  0.0003 0.01958 0.02208 0.01843    0    0 -0.03
147  0.9411  0.0003 0.01847 0.02193 0.01843    0    0 -0.03
138  0.9417  0.0003 0.02335 0.02054 0.01843    0    0 -0.03
146  0.9496  0.0003 0.02289 0.02177 0.01843    0    0 -0.03
208  1.005  0.0003 0.022 0.02034 0.01843    0    0 -0.03
205  1.013  0.0003 0.01809 0.02195 0.01843    0    0 -0.03
199  1.016  0.0003 0.01876 0.02127 0.01843    0    0 -0.03
201  1.049  0.0003 0.01837 0.0211 0.01843    0    0 -0.03
209  1.062  0.0003 0.0233 0.0203 0.01843    0    0 -0.03
204  1.067  0.0003 0.01984 0.02264 0.01843    0    0 -0.03
203  1.069  0.0003 0.02274 0.02221 0.01843    0    0 -0.03
202  1.07  0.0003 0.0196 0.0204 0.01843    0    0 -0.03
198  1.102  0.0003 0.01616 0.02247 0.01843    0    0 -0.03
207  1.107  0.0003 0.01955 0.02079 0.01843    0    0 -0.03
206  1.152  0.0003 0.01778 0.02281 0.01843    0    0 -0.03
200  1.18  0.0003 0.01759 0.02117 0.01843    0    0 -0.03
222  1.235  0.0003 0.02274 0.02221 0.01843    0    0 -0.03
217  1.248  0.0003 0.01759 0.02117 0.01843    0    0 -0.03
221  1.258  0.0003 0.0196 0.0204 0.01843    0    0 -0.03
219  1.262  0.0003 0.02235 0.0223 0.01843    0    0 -0.03
210  1.272  0.0003 0.01737 0.02071 0.01843    0    0 -0.03
212  1.286  0.0003 0.0202 0.02018 0.01843    0    0 -0.03
216  1.291  0.0003 0.01597 0.02281 0.01843    0    0 -0.03
223  1.313  0.0003 0.01853 0.02202 0.01843    0    0 -0.03
225  1.321  0.0003 0.01984 0.02264 0.01843    0    0 -0.03
213  1.332  0.0003 0.0217 0.02055 0.01843    0    0 -0.03
211  1.353  0.0003 0.01501 0.0202 0.01843    0    0 -0.03
220  1.358  0.0003 0.01667 0.02145 0.01843    0    0 -0.03
218  1.405  0.0003 0.02088 0.02226 0.01843    0    0 -0.03
215  1.447  0.0003 0.02085 0.02051 0.01843    0    0 -0.03
214  1.491  0.0003 0.01754 0.02335 0.01843    0    0 -0.03
224  1.499  0.0003 0.01647 0.02102 0.01843    0    0 -0.03
275  1.508  0.0003 0.01543 0.02166 0.01843    0    0 -0.03
274  1.518  0.0003 0.02187 0.0231 0.01843    0    0 -0.03
273  1.52  0.0003 0.02249 0.02232 0.01843    0    0 -0.03
277  1.554  0.0003 0.01817 0.02277 0.01843    0    0 -0.03
284  1.584  0.0003 0.02087 0.02195 0.01843    0    0 -0.03
276  1.598  0.0003 0.01929 0.02375 0.01843    0    0 -0.03
278  1.614  0.0003 0.01889 0.02041 0.01843    0    0 -0.03
282  1.621  0.0003 0.02043 0.02364 0.01843    0    0 -0.03
281  1.626  0.0003 0.02003 0.02198 0.01843    0    0 -0.03
279  1.628  0.0003 0.01918 0.02217 0.01843    0    0 -0.03
283  1.642  0.0003 0.02302 0.02171 0.01843    0    0 -0.03
280  1.696  0.0003 0.01937 0.02316 0.01843    0    0 -0.03
290  1.728  0.0003 0.01665 0.02084 0.01843    0    0 -0.03
288  1.743  0.0003 0.01767 0.02069 0.01843    0    0 -0.03
292  1.747  0.0003 0.02063 0.022 0.01843    0    0 -0.03
287  1.748  0.0003 0.01778 0.02281 0.01843    0    0 -0.03
298  1.766  0.0003 0.01694 0.02189 0.01843    0    0 -0.03
297  1.784  0.0003 0.01918 0.02217 0.01843    0    0 -0.03
296  1.792  0.0003 0.01889 0.02041 0.01843    0    0 -0.03
286  1.828  0.0003 0.01899 0.02345 0.01843    0    0 -0.03
289  1.842  0.0003 0.022 0.02034 0.01843    0    0 -0.03
295  1.849  0.0003 0.01884 0.02323 0.01843    0    0 -0.03
299  1.875  0.0003 0.02016 0.02316 0.01843    0    0 -0.03
285  1.958  0.0003 0.01716 0.02143 0.01843    0    0 -0.03
293  1.972  0.0003 0.01543 0.02166 0.01843    0    0 -0.03
294  1.974  0.0003 0.01817 0.02277 0.01843    0    0 -0.03
300     2  0.0003 0.02043 0.02364 0.01843    0    0 -0.03
291  2.004  0.0003 0.01746 0.02112 0.01843    0    0 -0.03
353  2.006  0.0003 0.01919 0.0236 0.01843    0    0 -0.03
350  2.007  0.0003 0.01606 0.0228 0.01843    0    0 -0.03
357  2.025  0.0003 0.0202 0.02347 0.01843    0    0 -0.03
349  2.035  0.0003 0.02219 0.02125 0.01843    0    0 -0.03
354  2.103  0.0003 0.01902 0.02273 0.01843    0    0 -0.03
358  2.109  0.0003 0.0198 0.02306 0.01843    0    0 -0.03
348  2.136  0.0003 0.02167 0.02044 0.01843    0    0 -0.03
351  2.138  0.0003 0.0174 0.02303 0.01843    0    0 -0.03
356  2.144  0.0003 0.01844 0.0214 0.01843    0    0 -0.03
355  2.148  0.0003 0.02207 0.02059 0.01843    0    0 -0.03
359  2.164  0.0003 0.02215 0.02159 0.01843    0    0 -0.03
352  2.168  0.0003 0.01609 0.02165 0.01843    0    0 -0.03
369  2.231  0.0003 0.02207 0.02059 0.01843    0    0 -0.03
375  2.243  0.0003 0.01643 0.02264 0.01843    0    0 -0.03
368  2.252  0.0003 0.01902 0.02273 0.01843    0    0 -0.03
361  2.26  0.0003 0.01576 0.0207 0.01843    0    0 -0.03
360  2.266  0.0003 0.01639 0.02287 0.01843    0    0 -0.03
364  2.275  0.0003 0.0174 0.02303 0.01843    0    0 -0.03
373  2.28  0.0003 0.01948 0.02148 0.01843    0    0 -0.03
371  2.337  0.0003 0.02019 0.02271 0.01843    0    0 -0.03
367  2.358  0.0003 0.01919 0.0236 0.01843    0    0 -0.03
363  2.377  0.0003 0.01606 0.0228 0.01843    0    0 -0.03
372  2.385  0.0003 0.01954 0.02066 0.01843    0    0 -0.03
362  2.419  0.0003 0.02219 0.02125 0.01843    0    0 -0.03
365  2.452  0.0003 0.01447 0.02049 0.01843    0    0 -0.03
370  2.463  0.0003 0.0213 0.02224 0.01843    0    0 -0.03
374  2.468  0.0003 0.0156 0.0225 0.01843    0    0 -0.03
366  2.471  0.0003 0.01609 0.02165 0.01843    0    0 -0.03
423  2.508  0.0003 0.01521 0.02155 0.01843    0    0 -0.03
428  2.516  0.0003 0.01793 0.02221 0.01843    0    0 -0.03
424  2.519  0.0003 0.01676 0.0232 0.01843    0    0 -0.03
434  2.558  0.0003 0.02009 0.02282 0.01843    0    0 -0.03
427  2.586  0.0003 0.02104 0.02086 0.01843    0    0 -0.03
432  2.612  0.0003 0.02299 0.0216 0.01843    0    0 -0.03
430  2.622  0.0003 0.02091 0.0215 0.01843    0    0 -0.03
422  2.636  0.0003 0.01774 0.0223 0.01843    0    0 -0.03
425  2.656  0.0003 0.01584 0.02069 0.01843    0    0 -0.03
429  2.668  0.0003 0.01503 0.02091 0.01843    0    0 -0.03
426  2.674  0.0003 0.02079 0.02242 0.01843    0    0 -0.03
433  2.687  0.0003 0.01858 0.02309 0.01843    0    0 -0.03
431  2.711  0.0003 0.01755 0.02314 0.01843    0    0 -0.03
439  2.751  0.0003 0.02344 0.02066 0.01843    0    0 -0.03
450  2.752  0.0003 0.01547 0.0205 0.01843    0    0 -0.03
383  2.761  0.0003 0.02252 0.02006 0.01843 -0.1113 -0.02002 -0.2701
444  2.773  0.0003 0.01793 0.02221 0.01843    0    0 -0.03
446  2.787  0.0003 0.02163 0.02207 0.01843    0    0 -0.03
447  2.799  0.0003 0.02091 0.0215 0.01843    0    0 -0.03
445  2.812  0.0003 0.01503 0.02091 0.01843    0    0 -0.03
449  2.827  0.0003 0.02009 0.02282 0.01843    0    0 -0.03
448  2.829  0.0003 0.01755 0.02314 0.01843    0    0 -0.03
441  2.844  0.0003 0.02079 0.02242 0.01843    0    0 -0.03
437  2.888  0.0003 0.01521 0.02155 0.01843    0    0 -0.03
438  2.923  0.0003 0.01676 0.0232 0.01843    0    0 -0.03
435  2.935  0.0003 0.01521 0.02056 0.01843    0    0 -0.03
436  2.958  0.0003 0.01774 0.0223 0.01843    0    0 -0.03
442  2.983  0.0003 0.02022 0.02096 0.01843    0    0 -0.03
440  2.987  0.0003 0.01584 0.02069 0.01843    0    0 -0.03
446  2.988  0.0003 0.01957 0.02103 0.01843 -0.01847 -0.04627 -0.2045
443  2.991  0.0003 0.02286 0.02071 0.01843    0    0 -0.03
502  3.011  0.0003 0.0188 0.02301 0.01843    0    0 -0.03
500  3.028  0.0003 0.01547 0.0205 0.01843    0    0 -0.03
506  3.031  0.0003 0.01978 0.0202 0.01843    0    0 -0.03
508  3.045  0.0003 0.01632 0.02149 0.01843    0    0 -0.03
498  3.087  0.0003 0.02076 0.02256 0.01843    0    0 -0.03
504  3.107  0.0003 0.02021 0.02026 0.01843    0    0 -0.03
503  3.112  0.0003 0.02034 0.02282 0.01843    0    0 -0.03
501  3.114  0.0003 0.01759 0.02061 0.01843    0    0 -0.03
507  3.152  0.0003 0.02027 0.02279 0.01843    0    0 -0.03
505  3.168  0.0003 0.01902 0.0219 0.01843    0    0 -0.03
509  3.169  0.0003 0.01748 0.02225 0.01843    0    0 -0.03
499  3.175  0.0003 0.02126 0.0204 0.01843    0    0 -0.03
524  3.231  0.0003 0.02027 0.02279 0.01843    0    0 -0.03
525  3.231  0.0003 0.01913 0.02399 0.01843    0    0 -0.03
514  3.246  0.0003 0.01923 0.02316 0.01843    0    0 -0.03
523  3.277  0.0003 0.01626 0.02305 0.01843    0    0 -0.03
522  3.277  0.0003 0.01978 0.0202 0.01843    0    0 -0.03
521  3.349  0.0003 0.01902 0.0219 0.01843    0    0 -0.03
518  3.362  0.0003 0.0156 0.02112 0.01843    0    0 -0.03
515  3.365  0.0003 0.01759 0.02061 0.01843    0    0 -0.03
517  3.402  0.0003 0.02205 0.02111 0.01843    0    0 -0.03
513  3.408  0.0003 0.01643 0.02121 0.01843    0    0 -0.03
512  3.412  0.0003 0.01636 0.0204 0.01843    0    0 -0.03
511  3.415  0.0003 0.0216 0.0208 0.01843    0    0 -0.03
520  3.424  0.0003 0.02222 0.02067 0.01843    0    0 -0.03
519  3.479  0.0003 0.02021 0.02026 0.01843    0    0 -0.03
510  3.481  0.0003 0.01711 0.02097 0.01843    0    0 -0.03
516  3.483  0.0003 0.0188 0.02301 0.01843    0    0 -0.03
577  3.513  0.0003 0.02154 0.02119 0.01843    0    0 -0.03
578  3.537  0.0003 0.01942 0.02344 0.01843    0    0 -0.03
573  3.58  0.0003 0.02241 0.02087 0.01843    0    0 -0.03
579  3.583  0.0003 0.0181 0.02343 0.01843    0    0 -0.03
580  3.587  0.0003 0.01689 0.02241 0.01843    0    0 -0.03
576  3.614  0.0003 0.01945 0.02162 0.01843    0    0 -0.03
581  3.635  0.0003 0.01624 0.02311 0.01843    0    0 -0.03
575  3.676  0.0003 0.01938 0.02295 0.01843    0    0 -0.03
574  3.679  0.0003 0.02076 0.02339 0.01843    0    0 -0.03
584  3.685  0.0003 0.01962 0.02206 0.01843    0    0 -0.03
582  3.691  0.0003 0.02013 0.02089 0.01843    0    0 -0.03
583  3.703  0.0003 0.01707 0.0235 0.01843    0    0 -0.03
572  3.703  0.0003 0.02112 0.02106 0.01843    0    0 -0.03
596  3.725  0.0003 0.0172 0.02148 0.01843    0    0 -0.03
598  3.727  0.0003 0.0181 0.02343 0.01843    0    0 -0.03
600  3.782  0.0003 0.02224 0.02182 0.01843    0    0 -0.03
595  3.789  0.0003 0.01942 0.02344 0.01843    0    0 -0.03
587  3.791  0.0003 0.02112 0.02106 0.01843    0    0 -0.03
593  3.799  0.0003 0.01746 0.02099 0.01843    0    0 -0.03
599  3.802  0.0003 0.01708 0.02149 0.01843    0    0 -0.03
597  3.809  0.0003 0.01707 0.02081 0.01843    0    0 -0.03
592  3.85  0.0003 0.02341 0.02035 0.01843    0    0 -0.03
594  3.861  0.0003 0.01982 0.02172 0.01843    0    0 -0.03
590  3.925  0.0003 0.01938 0.02295 0.01843    0    0 -0.03
591  3.945  0.0003 0.01895 0.02288 0.01843    0    0 -0.03
588  3.961  0.0003 0.02177 0.0214 0.01843    0    0 -0.03
585  3.969  0.0003 0.01748 0.02225 0.01843    0    0 -0.03
586  3.997  0.0003 0.01755 0.02207 0.01843    0    0 -0.03
589  4.005  0.0003 0.01958 0.02396 0.01843    0    0 -0.03
653  4.018  0.0003 0.01887 0.02382 0.01843    0    0 -0.03
650  4.042  0.0003 0.01487 0.02139 0.01843    0    0 -0.03
651  4.049  0.0003 0.01579 0.02186 0.01843    0    0 -0.03
515  4.056  0.0003 0.01998 0.02267 0.01843 0.01892 -0.01138 -0.4832
658  4.062  0.0003 0.02134 0.02173 0.01843    0    0 -0.03
656  4.081  0.0003 0.01949 0.02156 0.01843    0    0 -0.03
649  4.085  0.0003 0.01843 0.02142 0.01843    0    0 -0.03
657  4.093  0.0003 0.0167 0.02049 0.01843    0    0 -0.03
659  4.094  0.0003 0.01809 0.02039 0.01843    0    0 -0.03
654  4.104  0.0003 0.01766 0.02315 0.01843    0    0 -0.03
655  4.108  0.0003 0.01773 0.02262 0.01843    0    0 -0.03
648  4.119  0.0003 0.02021 0.02198 0.01843    0    0 -0.03
652  4.185  0.0003 0.02228 0.02096 0.01843    0    0 -0.03
663  4.227  0.0003 0.01487 0.02139 0.01843    0    0 -0.03
660  4.262  0.0003 0.0153 0.02112 0.01843    0    0 -0.03
672  4.294  0.0003 0.0167 0.02049 0.01843    0    0 -0.03
669  4.322  0.0003 0.01773 0.02262 0.01843    0    0 -0.03
668  4.344  0.0003 0.02327 0.02147 0.01843    0    0 -0.03
665  4.346  0.0003 0.02228 0.02096 0.01843    0    0 -0.03
675  4.354  0.0003 0.01833 0.02138 0.01843    0    0 -0.03
661  4.396  0.0003 0.01707 0.0235 0.01843    0    0 -0.03
664  4.398  0.0003 0.01579 0.02186 0.01843    0    0 -0.03
662  4.406  0.0003 0.01614 0.02072 0.01843    0    0 -0.03
673  4.424  0.0003 0.01828 0.02339 0.01843    0    0 -0.03
674  4.425  0.0003 0.01992 0.02139 0.01843    0    0 -0.03
667  4.44  0.0003 0.01766 0.02315 0.01843    0    0 -0.03
670  4.443  0.0003 0.01681 0.0209 0.01843    0    0 -0.03
666  4.475  0.0003 0.01887 0.02382 0.01843    0    0 -0.03
671   4.5  0.0003 0.02176 0.02289 0.01843    0    0 -0.03
730  4.52  0.0003 0.02115 0.02218 0.01843    0    0 -0.03
727  4.533  0.0003 0.01918 0.02131 0.01843    0    0 -0.03
725  4.541  0.0003 0.01783 0.02106 0.01843    0    0 -0.03
724  4.551  0.0003 0.02224 0.02189 0.01843    0    0 -0.03
731  4.575  0.0003 0.0153 0.02041 0.01843    0    0 -0.03
726  4.62  0.0003 0.02296 0.02064 0.01843    0    0 -0.03
729  4.621  0.0003 0.02183 0.02085 0.01843    0    0 -0.03
733  4.625  0.0003 0.02357 0.02078 0.01843    0    0 -0.03
734  4.643  0.0003 0.01492 0.02072 0.01843    0    0 -0.03
723  4.679  0.0003 0.0206 0.02164 0.01843    0    0 -0.03
728  4.691  0.0003 0.01679 0.02119 0.01843    0    0 -0.03
732  4.713  0.0003 0.0204 0.02109 0.01843    0    0 -0.03
750  4.765  0.0003 0.01731 0.02227 0.01843    0    0 -0.03
749  4.766  0.0003 0.01545 0.02216 0.01843    0    0 -0.03
741  4.768  0.0003 0.02175 0.0217 0.01843    0    0 -0.03
740  4.791  0.0003 0.02093 0.02195 0.01843    0    0 -0.03
742  4.831  0.0003 0.01647 0.02201 0.01843    0    0 -0.03
736  4.847  0.0003 0.02224 0.02189 0.01843    0    0 -0.03
738  4.876  0.0003 0.01855 0.02128 0.01843    0    0 -0.03
746  4.911  0.0003 0.01492 0.02072 0.01843    0    0 -0.03
745  4.915  0.0003 0.02357 0.02078 0.01843    0    0 -0.03
743  4.919  0.0003 0.02008 0.0224 0.01843    0    0 -0.03
739  4.934  0.0003 0.01955 0.02318 0.01843    0    0 -0.03
747  4.943  0.0003 0.02206 0.02094 0.01843    0    0 -0.03
748  4.944  0.0003 0.01898 0.02095 0.01843    0    0 -0.03
744  4.964  0.0003 0.0204 0.02109 0.01843    0    0 -0.03
737  4.975  0.0003 0.01783 0.02106 0.01843    0    0 -0.03
735  4.977  0.0003 0.02011 0.02123 0.01843    0    0 -0.03
804  5.023  0.0003 0.0229 0.02062 0.01843    0    0 -0.03
800  5.039  0.0003 0.02011 0.02067 0.01843    0    0 -0.03
803  5.041  0.0003 0.01711 0.0229 0.01843    0    0 -0.03
801  5.042  0.0003 0.01545 0.02216 0.01843    0    0 -0.03
802  5.051  0.0003 0.01881 0.02238 0.01843    0    0 -0.03
798  5.104  0.0003 0.01848 0.02145 0.01843    0    0 -0.03
808  5.127  0.0003 0.01908 0.02028 0.01843    0    0 -0.03
799  5.131  0.0003 0.01898 0.02095 0.01843    0    0 -0.03
809  5.146  0.0003 0.0198 0.02176 0.01843    0    0 -0.03
806  5.146  0.0003 0.02047 0.02038 0.01843    0    0 -0.03
807  5.17  0.0003 0.01739 0.02229 0.01843    0    0 -0.03
805  5.195  0.0003 0.01871 0.02069 0.01843    0    0 -0.03
810  5.232  0.0003 0.0175 0.02312 0.01843    0    0 -0.03
817  5.251  0.0003 0.01847 0.02181 0.01843    0    0 -0.03
825  5.261  0.0003 0.01871 0.02297 0.01843    0    0 -0.03
816  5.269  0.0003 0.02115 0.0214 0.01843    0    0 -0.03
822  5.319  0.0003 0.01826 0.02298 0.01843    0    0 -0.03
814  5.327  0.0003 0.01627 0.02052 0.01843    0    0 -0.03
813  5.363  0.0003 0.01708 0.02147 0.01843    0    0 -0.03
818  5.384  0.0003 0.02038 0.02378 0.01843    0    0 -0.03
823  5.392  0.0003 0.0224 0.02186 0.01843    0    0 -0.03
815  5.394  0.0003 0.01908 0.02028 0.01843    0    0 -0.03
805  5.403  0.0003 0.01762 0.02005 0.01843 -0.1367 0.1633 -0.2366
824  5.417  0.0003 0.02099 0.02325 0.01843    0    0 -0.03
811  5.445  0.0003 0.01895 0.0227 0.01843    0    0 -0.03
821  5.465  0.0003 0.01575 0.02113 0.01843    0    0 -0.03
820  5.471  0.0003 0.01746 0.02295 0.01843    0    0 -0.03
819  5.479  0.0003 0.01671 0.02123 0.01843    0    0 -0.03
812  5.503  0.0003 0.01711 0.0229 0.01843    0    0 -0.03
878  5.517  0.0003 0.01842 0.02348 0.01843    0    0 -0.03
880  5.524  0.0003 0.01706 0.02286 0.01843    0    0 -0.03
872  5.534  0.0003 0.02038 0.02378 0.01843    0    0 -0.03
879  5.545  0.0003 0.01529 0.02134 0.01843    0    0 -0.03
883  5.577  0.0003 0.02288 0.02034 0.01843    0    0 -0.03
882  5.58  0.0003 0.01538 0.02093 0.01843    0    0 -0.03
881  5.582  0.0003 0.01979 0.02271 0.01843    0    0 -0.03
875  5.606  0.0003 0.02055 0.02311 0.01843    0    0 -0.03
876  5.621  0.0003 0.01448 0.02057 0.01843    0    0 -0.03
874  5.625  0.0003 0.01646 0.02113 0.01843    0    0 -0.03
873  5.666  0.0003 0.01671 0.02123 0.01843    0    0 -0.03
877  5.711  0.0003 0.01901 0.0217 0.01843    0    0 -0.03
884  5.727  0.0003 0.02009 0.02242 0.01843    0    0 -0.03
891  5.733  0.0003 0.02153 0.02117 0.01843    0    0 -0.03
889  5.744  0.0003 0.01897 0.02114 0.01843    0    0 -0.03
895  5.756  0.0003 0.01684 0.02189 0.01843    0    0 -0.03
888  5.777  0.0003 0.01672 0.02137 0.01843    0    0 -0.03
890  5.779  0.0003 0.01779 0.02084 0.01843    0    0 -0.03
886  5.782  0.0003 0.0188 0.02259 0.01843    0    0 -0.03
900  5.814  0.0003 0.01901 0.0217 0.01843    0    0 -0.03
893  5.815  0.0003 0.02055 0.02311 0.01843    0    0 -0.03
899  5.834  0.0003 0.02296 0.02055 0.01843    0    0 -0.03
894  5.898  0.0003 0.02278 0.02052 0.01843    0    0 -0.03
897  5.916  0.0003 0.01523 0.02024 0.01843    0    0 -0.03
892  5.954  0.0003 0.0191 0.02092 0.01843    0    0 -0.03
898  5.966  0.0003 0.01906 0.02345 0.01843    0    0 -0.03
887  5.994  0.0003 0.01646 0.02113 0.01843    0    0 -0.03
885  5.997  0.0003 0.02084 0.02317 0.01843    0    0 -0.03
896  6.002  0.0003 0.02126 0.02343 0.01843    0    0 -0.04812
