# ID time  diameter x y z u v w  (ex ey ez, color)
73  80.73  0.0003 0.384 0.02001 0.003 0.01357 0.000634 -0.2777
40  80.77  0.0003 0.3837 0.02017 0.003 0.001499 0.01355 -0.2113
186  80.83  0.0003 0.3842 0.02006 0.003 0.0219 0.07536 -0.2531
34  80.83  0.0003 0.3843 0.02008 0.003 0.02668 0.08108 -0.2577
189  81.91  0.0003 0.3838 0.02008 0.003 0.004513 0.07128 -0.2248
6  82.01  0.0003 0.3838 0.02028 0.003 0.01055 0.01448 -0.2065
93  82.04  0.0003 0.384 0.02003 0.003 0.01369 0.001012 -0.2777
303  82.08  0.0003 0.3838 0.02066 0.003 0.01492 0.03239 -0.2133
357  82.13  0.0003 0.384 0.0203 0.003 0.006495 0.09699 -0.2588
143  82.16  0.0003 0.3838 0.02034 0.003 0.02199 0.05624 -0.198
184  82.16  0.0003 0.3845 0.02016 0.003 0.02691 0.07155 -0.2253
348  82.21  0.0003 0.3837 0.02048 0.003 0.03056 0.07166 -0.2064
355  83.06  0.0003 0.384 0.02033 0.003 0.01355 0.07432 -0.2249
350  83.14  0.0003 0.3838 0.02035 0.003 0.0208 0.06403 -0.2118
386  83.25  0.0003 0.3842 0.02086 0.003 0.0362 0.03242 -0.2013
508  83.36  0.0003 0.3839 0.02071 0.003 0.03223 0.039 -0.214
161  83.44  0.0003 0.3838 0.0201 0.003 -0.004515 0.06789 -0.2329
102  83.45  0.0003 0.3837 0.02025 0.003 -0.0124 0.08576 -0.2421
560  83.53  0.0003 0.3838 0.02017 0.003 0.0189 0.06014 -0.2273
332  84.51  0.0003 0.384 0.02033 0.003 0.005612 0.01927 -0.2417
402  84.58  0.0003 0.3839 0.02071 0.003 0.03183 0.03999 -0.2165
627  84.63  0.0003 0.3838 0.02035 0.003 -0.01143 0.02306 -0.2186
591  84.63  0.0003 0.384 0.02009 0.003 0.01449 0.01227 -0.2697
793  84.69  0.0003 0.3838 0.0204 0.003 0.0008019 0.02372 -0.2125
714  85.71  0.0003 0.3841 0.02042 0.003 0.02283 0.03288 -0.2445
801  85.81  0.0003 0.3839 0.02058 0.003 0.01659 0.01953 -0.2033
756  85.87  0.0003 0.3838 0.02003 0.003 0.0115 -0.004345 -0.216
820  85.89  0.0003 0.384 0.02002 0.003 0.0137 -0.00408 -0.2794
407  85.97  0.0003 0.3842 0.02028 0.003 0.02023 0.07563 -0.223
379  85.98  0.0003 0.3839 0.02056 0.003 0.01918 0.02971 -0.2165
589  85.99  0.0003 0.3841 0.02082 0.003 0.03165 0.02996 -0.2021
633  86.08  0.0003 0.3838 0.02008 0.003 0.0247 0.06405 -0.2219
809  86.1  0.0003 0.3837 0.02005 0.003 0.01541 0.0564 -0.2137
513  86.12  0.0003 0.3837 0.0201 0.003 -0.01173 0.0614 -0.224
861  87.29  0.0003 0.3838 0.02004 0.003 0.01145 0.04648 -0.2101
852  87.29  0.0003 0.384 0.02057 0.003 0.01195 0.04611 -0.2326
401  87.32  0.0003 0.384 0.02096 0.003 -0.006829 0.0128 -0.22
510  87.35  0.0003 0.3837 0.02007 0.003 0.01604 0.0654 -0.2352
555  87.38  0.0003 0.384 0.02011 0.003 0.01193 0.07908 -0.242
850  87.39  0.0003 0.384 0.0201 0.003 0.001764 0.06356 -0.229
