# ID time  diameter x y z u v w  (ex ey ez, color)
19  79.4  0.0003 0.3839 0.01896 0.003 0.01335 0.002585 -0.2751
43  79.44  0.0003 0.3839 0.01935 0.003 0.01323 -0.001264 -0.2755
32  79.44  0.0003 0.3836 0.0189 0.003 0.007561 0.007824 -0.223
157  79.45  0.0003 0.3839 0.01905 0.003 0.01329 -0.001801 -0.2744
99  79.47  0.0003 0.3839 0.01891 0.003 0.0134 0.002644 -0.2753
76  79.5  0.0003 0.3836 0.0192 0.003 -0.005094 0.02927 -0.2356
36  79.51  0.0003 0.3837 0.01836 0.003 -0.008513 0.01295 -0.2468
11  79.53  0.0003 0.3842 0.01811 0.003 0.03115 -0.0005938 -0.2528
20  79.53  0.0003 0.3837 0.01853 0.003 0.007463 0.03052 -0.2225
56  79.58  0.0003 0.3837 0.01805 0.003 0.01153 0.007481 -0.2091
39  79.59  0.0003 0.3843 0.01664 0.003 0.0184 -0.05045 -0.2463
95  79.6  0.0003 0.3847 0.01675 0.003 0.03088 -0.04435 -0.2279
49  79.61  0.0003 0.3837 0.01871 0.003 0.003547 0.03474 -0.2119
37  79.62  0.0003 0.3845 0.01684 0.003 0.04586 -0.02583 -0.2074
94  79.62  0.0003 0.384 0.01806 0.003 -0.004073 -0.006032 -0.2108
25  79.63  0.0003 0.3839 0.01865 0.003 -0.005258 0.03105 -0.2171
15  79.64  0.0003 0.3843 0.01681 0.003 0.02526 -0.018 -0.2039
85  80.48  0.0003 0.3839 0.01894 0.003 0.01337 0.002593 -0.2752
235  80.52  0.0003 0.3838 0.01781 0.003 0.001977 -0.03871 -0.2578
190  80.52  0.0003 0.3839 0.01909 0.003 0.01321 -1.341e-07 -0.2744
265  80.54  0.0003 0.3841 0.01984 0.003 0.02052 0.06301 -0.2335
108  80.55  0.0003 0.3839 0.0188 0.003 0.0009076 0.06124 -0.249
41  80.59  0.0003 0.3839 0.01914 0.003 0.01351 -0.002626 -0.2749
125  80.6  0.0003 0.3839 0.01898 0.003 0.01342 0.00261 -0.2751
74  80.6  0.0003 0.3837 0.01838 0.003 -0.007192 0.01778 -0.2154
183  80.63  0.0003 0.3837 0.01935 0.003 0.008928 0.03298 -0.2061
2  80.64  0.0003 0.3839 0.01907 0.003 0.01331 -0.001872 -0.2745
65  80.65  0.0003 0.3838 0.01797 0.003 0.009073 -0.01258 -0.2049
222  80.65  0.0003 0.3838 0.01822 0.003 -0.002702 -0.0001896 -0.2277
209  80.66  0.0003 0.3838 0.01938 0.003 0.0008256 0.03727 -0.2536
165  80.67  0.0003 0.3838 0.01835 0.003 -0.001925 0.0148 -0.2193
21  80.67  0.0003 0.3846 0.01664 0.003 0.03764 -0.02727 -0.2203
166  80.69  0.0003 0.3837 0.01807 0.003 0.01095 -0.014 -0.2301
237  80.7  0.0003 0.3836 0.01893 0.003 0.00793 0.007515 -0.2112
54  80.7  0.0003 0.384 0.0187 0.003 0.02086 -0.02105 -0.2353
80  80.7  0.0003 0.3839 0.01924 0.003 0.01108 0.01115 -0.2487
262  80.71  0.0003 0.3838 0.01973 0.003 0.009557 0.01918 -0.2131
109  80.71  0.0003 0.3839 0.01801 0.003 0.01788 -0.006893 -0.2206
121  80.71  0.0003 0.3839 0.01894 0.003 0.01342 0.002704 -0.2752
177  80.72  0.0003 0.384 0.01761 0.003 0.0107 0.009048 -0.2265
96  80.72  0.0003 0.3841 0.01748 0.003 0.01161 -0.02284 -0.2724
12  80.72  0.0003 0.3841 0.01786 0.003 -0.0005181 0.01046 -0.2237
131  80.73  0.0003 0.3841 0.01763 0.003 0.009971 0.01642 -0.2904
340  80.75  0.0003 0.3836 0.01893 0.003 -0.004379 0.01247 -0.2185
64  80.75  0.0003 0.3839 0.01902 0.003 0.009249 0.01266 -0.2278
146  80.76  0.0003 0.384 0.01884 0.003 0.02355 -0.0302 -0.2542
336  80.76  0.0003 0.3843 0.01713 0.003 0.01246 0.007124 -0.2946
151  80.76  0.0003 0.3842 0.01809 0.003 0.03008 -0.00485 -0.2134
247  80.76  0.0003 0.3839 0.01915 0.003 0.0145 0.00613 -0.275
103  80.77  0.0003 0.3842 0.01692 0.003 0.01612 -0.04011 -0.2562
251  80.77  0.0003 0.3837 0.0191 0.003 0.006776 -0.01776 -0.2068
97  80.77  0.0003 0.384 0.01812 0.003 0.0146 -0.006654 -0.2695
122  80.77  0.0003 0.3837 0.01878 0.003 0.006203 0.03848 -0.2133
62  80.77  0.0003 0.3839 0.0191 0.003 0.0152 0.01052 -0.2758
141  80.78  0.0003 0.3846 0.01674 0.003 0.04169 -0.03586 -0.2717
106  80.78  0.0003 0.3845 0.01753 0.003 0.03614 0.01315 -0.2088
203  80.78  0.0003 0.384 0.01911 0.003 0.01594 0.01635 -0.2765
18  80.78  0.0003 0.3841 0.01795 0.003 0.009401 -0.01774 -0.2456
145  80.78  0.0003 0.3843 0.01731 0.003 0.01207 0.01858 -0.2979
178  80.79  0.0003 0.3838 0.01842 0.003 -0.00397 0.02132 -0.2437
124  80.79  0.0003 0.384 0.01909 0.003 0.01705 0.02025 -0.2771
266  80.79  0.0003 0.384 0.0184 0.003 0.01409 0.02224 -0.2829
181  80.79  0.0003 0.3843 0.01735 0.003 0.01319 0.02249 -0.2996
82  80.8  0.0003 0.384 0.0191 0.003 0.01673 0.02471 -0.2775
112  80.8  0.0003 0.3841 0.01843 0.003 0.01446 0.0264 -0.284
138  80.81  0.0003 0.3841 0.01845 0.003 0.01453 0.0296 -0.2848
63  80.81  0.0003 0.3843 0.01681 0.003 0.01915 -0.01737 -0.2208
71  80.81  0.0003 0.3841 0.01991 0.003 0.01571 0.07211 -0.2343
47  80.81  0.0003 0.3841 0.01846 0.003 0.01487 0.03253 -0.2857
101  80.81  0.0003 0.3841 0.01738 0.003 0.01074 -0.003516 -0.2206
170  80.81  0.0003 0.3845 0.01635 0.003 0.01659 -0.05983 -0.2222
28  80.82  0.0003 0.3841 0.01845 0.003 0.01497 0.03458 -0.2865
245  80.82  0.0003 0.3843 0.01678 0.003 0.03342 -0.02797 -0.2291
22  80.82  0.0003 0.3841 0.01843 0.003 0.0159 0.03661 -0.2875
123  80.82  0.0003 0.384 0.01925 0.003 -0.001173 0.003078 -0.2157
144  80.83  0.0003 0.3845 0.01711 0.003 0.02485 -0.02482 -0.2572
308  80.84  0.0003 0.384 0.01893 0.003 0.01781 0.01137 -0.2113
52  80.84  0.0003 0.3844 0.01783 0.003 0.04048 -0.0247 -0.2116
154  80.85  0.0003 0.3841 0.01735 0.003 -0.0006594 -0.04565 -0.2137
27  80.86  0.0003 0.3848 0.01663 0.003 0.02654 -0.04096 -0.2338
136  80.86  0.0003 0.3838 0.01923 0.003 0.02059 0.006162 -0.1969
158  80.86  0.0003 0.3844 0.01957 0.003 0.008139 0.03123 -0.2118
208  80.86  0.0003 0.3838 0.01817 0.003 -0.005795 0.006201 -0.2112
61  80.86  0.0003 0.3839 0.01758 0.003 0.03228 -0.02499 -0.2131
17  80.86  0.0003 0.3837 0.01937 0.003 0.01438 0.02914 -0.2009
127  80.86  0.0003 0.3839 0.01913 0.003 0.02175 0.01468 -0.217
51  80.88  0.0003 0.3839 0.01912 0.003 -0.004499 0.01433 -0.2112
118  80.89  0.0003 0.3839 0.01781 0.003 -0.009928 -0.01709 -0.2119
117  80.9  0.0003 0.3837 0.01816 0.003 0.00632 0.005635 -0.2108
4  80.9  0.0003 0.3837 0.01805 0.003 0.007091 0.001385 -0.217
129  80.9  0.0003 0.3843 0.01665 0.003 0.01408 -0.04636 -0.231
53  81.69  0.0003 0.3837 0.01811 0.003 0.009778 -0.004452 -0.2081
173  81.7  0.0003 0.3841 0.0183 0.003 0.02113 0.01325 -0.2615
160  81.7  0.0003 0.3839 0.01762 0.003 0.01589 -0.02464 -0.2171
42  81.73  0.0003 0.3838 0.01926 0.003 -0.002481 0.02259 -0.2146
200  81.73  0.0003 0.3837 0.01813 0.003 0.005824 0.003713 -0.223
328  81.73  0.0003 0.3843 0.01659 0.003 0.01204 -0.03813 -0.2217
155  81.73  0.0003 0.3839 0.01893 0.003 0.01333 0.002618 -0.2753
16  81.75  0.0003 0.3839 0.01807 0.003 0.01382 -0.01006 -0.2101
281  81.76  0.0003 0.3839 0.01764 0.003 0.0362 -0.03077 -0.2204
454  81.76  0.0003 0.3842 0.01737 0.003 0.01269 0.005259 -0.289
105  81.79  0.0003 0.3839 0.01905 0.003 0.01325 0.002589 -0.2748
175  81.79  0.0003 0.3845 0.01697 0.003 0.005129 -0.01974 -0.221
148  81.8  0.0003 0.384 0.01978 0.003 0.02444 0.02938 -0.2105
330  81.8  0.0003 0.384 0.01829 0.003 0.01869 0.007852 -0.2141
227  81.81  0.0003 0.3839 0.01926 0.003 0.0135 -0.002425 -0.2753
309  81.82  0.0003 0.3842 0.01739 0.003 0.01315 0.003768 -0.2876
193  81.83  0.0003 0.3841 0.01903 0.003 0.02438 0.01338 -0.2095
277  81.84  0.0003 0.3839 0.01887 0.003 0.01333 0.002614 -0.2755
29  81.84  0.0003 0.384 0.01747 0.003 0.01247 -0.006088 -0.2138
228  81.85  0.0003 0.3839 0.0191 0.003 0.01347 -0.002252 -0.2747
206  81.86  0.0003 0.3846 0.01952 0.003 0.04429 0.04836 -0.2342
218  81.87  0.0003 0.3842 0.01726 0.003 0.01199 0.002822 -0.2895
87  81.88  0.0003 0.3843 0.01712 0.003 0.01988 -0.01366 -0.2925
92  81.88  0.0003 0.384 0.01853 0.003 0.007609 0.02494 -0.216
329  81.88  0.0003 0.3842 0.01732 0.003 0.01245 -0.0145 -0.2467
370  81.88  0.0003 0.3838 0.01985 0.003 -0.001005 -0.01406 -0.2178
306  81.89  0.0003 0.3839 0.01905 0.003 0.0135 0.00267 -0.2748
395  81.89  0.0003 0.3839 0.0182 0.003 0.003665 0.003855 -0.2165
81  81.9  0.0003 0.3837 0.01886 0.003 0.005669 0.009169 -0.2095
147  81.91  0.0003 0.3839 0.01818 0.003 0.004006 0.0002829 -0.214
58  81.91  0.0003 0.3838 0.01844 0.003 0.008636 0.0192 -0.2127
212  81.93  0.0003 0.3843 0.01702 0.003 0.01351 0.004815 -0.2953
91  81.93  0.0003 0.3842 0.01725 0.003 0.01639 -0.01608 -0.2709
86  81.94  0.0003 0.3837 0.01975 0.003 -0.00931 -0.01202 -0.2122
69  81.94  0.0003 0.3837 0.01858 0.003 -0.0244 0.05663 -0.238
338  81.94  0.0003 0.3839 0.01816 0.003 -0.008043 0.001568 -0.2479
335  81.94  0.0003 0.3842 0.01842 0.003 0.02539 0.001695 -0.2099
453  81.94  0.0003 0.3839 0.01912 0.003 0.01343 -0.00151 -0.2747
263  81.95  0.0003 0.3842 0.01729 0.003 0.01294 0.006888 -0.2915
132  81.95  0.0003 0.3841 0.01962 0.003 0.002911 0.04476 -0.2232
354  81.96  0.0003 0.3837 0.01824 0.003 0.00877 -0.000698 -0.2173
199  81.96  0.0003 0.3839 0.01896 0.003 0.01347 0.002644 -0.2751
79  81.97  0.0003 0.3845 0.01723 0.003 0.01961 0.01011 -0.2953
358  81.97  0.0003 0.3843 0.0174 0.003 0.01929 0.006769 -0.2906
195  81.97  0.0003 0.384 0.01812 0.003 0.01371 0.002954 -0.2794
230  81.97  0.0003 0.3843 0.01741 0.003 0.01146 0.02453 -0.2994
113  81.99  0.0003 0.3848 0.01735 0.003 0.02345 0.01482 -0.2625
182  81.99  0.0003 0.3852 0.01624 0.003 0.02637 -0.05509 -0.2252
300  81.99  0.0003 0.3836 0.01905 0.003 -0.005201 0.01672 -0.2115
215    82  0.0003 0.384 0.0188 0.003 0.01793 -0.03338 -0.2423
14    82  0.0003 0.3846 0.01702 0.003 0.02071 -0.01856 -0.2311
411    82  0.0003 0.384 0.01749 0.003 0.01275 0.003745 -0.2108
250    82  0.0003 0.3837 0.01925 0.003 0.008997 -0.01054 -0.2068
534    82  0.0003 0.3838 0.01905 0.003 0.01297 -0.01809 -0.2242
334  82.01  0.0003 0.384 0.01761 0.003 0.01047 0.006871 -0.2214
418  82.01  0.0003 0.3839 0.01909 0.003 0.01342 -0.001039 -0.2745
349  82.01  0.0003 0.3841 0.01799 0.003 0.0258 -0.008055 -0.2135
243  82.01  0.0003 0.384 0.01842 0.003 0.001131 0.01913 -0.2201
307  82.02  0.0003 0.3845 0.01663 0.003 0.03249 -0.0293 -0.2231
318  82.02  0.0003 0.3839 0.01815 0.003 0.00206 0.006759 -0.2317
210  82.02  0.0003 0.3839 0.01895 0.003 0.0135 0.002811 -0.2752
496  82.02  0.0003 0.3841 0.01916 0.003 0.02154 0.0003227 -0.2821
115  82.03  0.0003 0.3843 0.01757 0.003 0.0339 0.01064 -0.2183
254  82.03  0.0003 0.3843 0.01668 0.003 0.02699 -0.03494 -0.2336
110  82.04  0.0003 0.3842 0.01723 0.003 0.01126 0.01037 -0.2945
84  82.05  0.0003 0.3837 0.01941 0.003 0.009808 0.0348 -0.2059
60  82.07  0.0003 0.3837 0.0195 0.003 -0.005986 -0.02973 -0.2125
134  82.07  0.0003 0.3839 0.01904 0.003 0.01923 -0.01392 -0.2304
291  82.07  0.0003 0.3838 0.01811 0.003 0.01126 2.438e-05 -0.2293
274  82.07  0.0003 0.3842 0.01746 0.003 0.0125 0.009009 -0.2895
104  82.07  0.0003 0.3844 0.01714 0.003 0.02643 -0.004582 -0.211
188  82.07  0.0003 0.3837 0.01881 0.003 -0.002923 -0.02452 -0.235
217  82.07  0.0003 0.3838 0.01878 0.003 0.001816 -0.02257 -0.2361
194  82.07  0.0003 0.3841 0.01925 0.003 0.009107 -0.002967 -0.2165
276  82.08  0.0003 0.3843 0.01712 0.003 0.01673 0.001218 -0.2948
385  82.08  0.0003 0.3841 0.01747 0.003 0.005533 0.006299 -0.2628
205  82.08  0.0003 0.3839 0.01928 0.003 0.01594 0.01503 -0.2757
167  82.08  0.0003 0.3839 0.01762 0.003 0.00363 -0.03802 -0.2208
319  82.09  0.0003 0.3837 0.01938 0.003 -0.007339 0.03577 -0.2464
264  82.09  0.0003 0.3837 0.01818 0.003 -0.02868 0.05478 -0.2407
75  82.09  0.0003 0.3841 0.01936 0.003 0.0215 0.02409 -0.2406
252  82.09  0.0003 0.3837 0.01854 0.003 -0.005956 0.02549 -0.2164
13  82.09  0.0003 0.3844 0.01739 0.003 0.01391 0.02353 -0.2994
90  82.09  0.0003 0.384 0.01929 0.003 0.01705 0.02432 -0.2768
163  82.1  0.0003 0.3843 0.01717 0.003 0.02303 -0.02348 -0.2594
353  82.1  0.0003 0.384 0.01931 0.003 0.01738 0.02883 -0.2773
119  82.1  0.0003 0.3844 0.01736 0.003 0.02553 0.008237 -0.2989
172  82.1  0.0003 0.3838 0.01797 0.003 0.02072 0.002167 -0.1958
244  82.1  0.0003 0.3843 0.01777 0.003 0.009876 -0.02526 -0.2216
295  82.11  0.0003 0.3846 0.01608 0.003 0.02914 -0.003873 -0.2189
7  82.11  0.0003 0.384 0.01933 0.003 0.01735 0.03325 -0.2777
279  82.11  0.0003 0.3837 0.01807 0.003 0.01577 -0.005466 -0.2267
116  82.11  0.0003 0.3841 0.01936 0.003 0.02259 0.0402 -0.2722
114  82.11  0.0003 0.3845 0.01674 0.003 0.03624 -0.02231 -0.2035
359  82.12  0.0003 0.384 0.01926 0.003 0.01863 0.03732 -0.2785
305  82.12  0.0003 0.3837 0.01893 0.003 0.008228 0.01024 -0.2084
331  82.12  0.0003 0.3845 0.01729 0.003 0.04698 0.004788 -0.2301
8  82.12  0.0003 0.384 0.01743 0.003 0.02981 -0.02446 -0.1961
149  82.12  0.0003 0.3842 0.01776 0.003 -0.007705 0.04521 -0.2817
197  82.12  0.0003 0.3837 0.01827 0.003 -0.01118 0.003701 -0.2277
223  82.12  0.0003 0.3845 0.01951 0.003 0.04648 0.05451 -0.2632
325  82.12  0.0003 0.3841 0.01965 0.003 0.02027 0.05761 -0.2699
33  82.13  0.0003 0.3844 0.01765 0.003 0.02941 0.007801 -0.2123
72  82.13  0.0003 0.3846 0.01715 0.003 0.007179 0.005568 -0.2271
301  82.13  0.0003 0.3844 0.01675 0.003 0.01453 -0.03962 -0.2334
269  82.13  0.0003 0.3837 0.01819 0.003 0.004094 -0.000902 -0.2108
213  82.13  0.0003 0.3842 0.01803 0.003 0.009152 -0.00618 -0.2313
9  82.14  0.0003 0.384 0.01823 0.003 -0.002684 0.01032 -0.2325
311  82.14  0.0003 0.3842 0.01964 0.003 0.006087 0.04131 -0.2124
23  82.14  0.0003 0.3837 0.01836 0.003 0.00446 0.01821 -0.2111
389  82.14  0.0003 0.3839 0.01822 0.003 -0.006698 0.008337 -0.2521
398  82.14  0.0003 0.3838 0.01889 0.003 0.02103 -0.02221 -0.1948
397  82.14  0.0003 0.3842 0.01814 0.003 0.01218 -0.002006 -0.2556
162  82.14  0.0003 0.3837 0.01901 0.003 0.007903 0.01637 -0.218
294  82.14  0.0003 0.3837 0.01954 0.003 0.01256 0.04687 -0.2211
249  82.14  0.0003 0.3843 0.01984 0.003 0.0143 0.05122 -0.2129
485  82.14  0.0003 0.3841 0.01959 0.003 0.01555 0.06454 -0.2524
342  82.15  0.0003 0.3838 0.01858 0.003 0.02158 0.02617 -0.2053
196  82.16  0.0003 0.3844 0.01929 0.003 -0.004901 0.01304 -0.2105
292  82.17  0.0003 0.3839 0.01903 0.003 -0.01233 -0.01305 -0.2129
153  82.18  0.0003 0.3839 0.01893 0.003 -0.01953 -0.00232 -0.2081
299  82.19  0.0003 0.3841 0.01833 0.003 0.003771 0.01028 -0.2225
320  82.19  0.0003 0.3839 0.01846 0.003 -0.008372 0.02239 -0.23
133  82.19  0.0003 0.3838 0.01792 0.003 -0.006418 -0.01603 -0.2339
284  82.19  0.0003 0.384 0.01849 0.003 -0.02226 -0.03617 -0.2122
233  82.2  0.0003 0.3837 0.01889 0.003 0.005818 0.01057 -0.2099
259  82.24  0.0003 0.3841 0.01942 0.003 -0.007032 0.02071 -0.2224
587  82.96  0.0003 0.3839 0.01915 0.003 0.01329 0.002605 -0.2745
220  82.97  0.0003 0.3841 0.01831 0.003 0.02201 0.003829 -0.2131
451  82.99  0.0003 0.3842 0.0171 0.003 0.02291 -0.03219 -0.2816
140    83  0.0003 0.384 0.01804 0.003 -0.002158 -0.007449 -0.211
439    83  0.0003 0.3839 0.01892 0.003 0.01333 0.002488 -0.2753
503    83  0.0003 0.3837 0.01815 0.003 0.00528 -0.006234 -0.2092
438    83  0.0003 0.3844 0.0171 0.003 0.03178 -0.01892 -0.2183
693  83.01  0.0003 0.3839 0.01812 0.003 0.012 0.004414 -0.2147
232  83.03  0.0003 0.3839 0.01905 0.003 0.01339 -0.002543 -0.2745
420  83.05  0.0003 0.3845 0.01633 0.003 0.03268 -0.0641 -0.2416
396  83.06  0.0003 0.3837 0.01819 0.003 0.002581 -0.004212 -0.2109
371  83.06  0.0003 0.3841 0.01768 0.003 0.009947 0.01815 -0.2904
412  83.06  0.0003 0.384 0.01834 0.003 -0.001574 0.01411 -0.2151
135  83.08  0.0003 0.3839 0.01904 0.003 0.01332 0.002619 -0.2748
477  83.1  0.0003 0.3843 0.01775 0.003 0.0235 -0.03083 -0.2302
313  83.11  0.0003 0.3844 0.01699 0.003 0.03923 -0.01777 -0.2322
225  83.11  0.0003 0.3837 0.01961 0.003 0.01233 0.01219 -0.2252
408  83.11  0.0003 0.3841 0.01892 0.003 0.026 -0.02775 -0.2387
601  83.11  0.0003 0.3838 0.01805 0.003 -0.003274 -0.005174 -0.2152
3  83.14  0.0003 0.3845 0.01722 0.003 0.03897 -0.00441 -0.22
283  83.14  0.0003 0.3841 0.01723 0.003 0.02256 -0.006812 -0.2506
231  83.14  0.0003 0.3839 0.01908 0.003 0.01346 -0.002475 -0.2746
285  83.15  0.0003 0.3838 0.01779 0.003 0.0216 -0.009662 -0.1979
491  83.16  0.0003 0.3839 0.018 0.003 -0.007307 -0.006288 -0.219
481  83.17  0.0003 0.3842 0.01722 0.003 0.01229 0.008324 -0.2937
457  83.18  0.0003 0.3839 0.01906 0.003 0.01334 0.00262 -0.2748
441  83.19  0.0003 0.3849 0.0166 0.003 0.03392 -0.03942 -0.2376
369  83.2  0.0003 0.3846 0.01715 0.003 0.03999 -0.005943 -0.2182
191  83.21  0.0003 0.3837 0.0194 0.003 -0.002431 0.0342 -0.2128
45  83.21  0.0003 0.3839 0.01841 0.003 0.0003411 0.01825 -0.2156
419  83.22  0.0003 0.384 0.01865 0.003 0.01449 -0.0429 -0.2439
314  83.22  0.0003 0.384 0.01916 0.003 0.001922 0.01598 -0.2194
431  83.22  0.0003 0.3843 0.01703 0.003 0.01199 0.003514 -0.2943
192  83.22  0.0003 0.384 0.01831 0.003 0.001277 0.008625 -0.2139
474  83.23  0.0003 0.3839 0.01829 0.003 -0.02047 0.0786 -0.2433
600  83.24  0.0003 0.3841 0.01737 0.003 0.01504 -0.009398 -0.2164
142  83.24  0.0003 0.3839 0.01908 0.003 0.01339 -0.001749 -0.2746
278  83.24  0.0003 0.3842 0.01723 0.003 0.01256 0.002714 -0.29
282  83.25  0.0003 0.3847 0.01611 0.003 0.03762 -0.003405 -0.2176
317  83.26  0.0003 0.3839 0.01892 0.003 0.01348 0.00226 -0.2753
253  83.26  0.0003 0.3842 0.0189 0.003 0.02009 -0.01109 -0.2366
257  83.26  0.0003 0.3838 0.01905 0.003 -0.01646 0.004888 -0.2602
312  83.27  0.0003 0.3839 0.01831 0.003 -0.002117 0.01335 -0.215
406  83.28  0.0003 0.3843 0.01866 0.003 0.02425 0.02937 -0.2142
98  83.28  0.0003 0.3838 0.01774 0.003 -0.01004 -0.02352 -0.224
447  83.28  0.0003 0.3837 0.01814 0.003 0.003945 -0.0071 -0.2099
381  83.29  0.0003 0.3842 0.01741 0.003 0.01281 0.008022 -0.2898
399  83.29  0.0003 0.3847 0.01762 0.003 0.02974 0.03076 -0.2638
415  83.29  0.0003 0.3843 0.01741 0.003 0.02953 0.02144 -0.2471
553  83.29  0.0003 0.3837 0.01865 0.003 -0.002408 -0.05094 -0.2214
390  83.3  0.0003 0.3842 0.01702 0.003 0.03014 -0.007747 -0.2354
30  83.3  0.0003 0.3838 0.01847 0.003 -0.01246 0.0212 -0.2239
201  83.3  0.0003 0.3843 0.01734 0.003 0.00945 0.007731 -0.2496
686  83.31  0.0003 0.3841 0.01912 0.003 0.02098 0.00222 -0.2472
728  83.31  0.0003 0.3842 0.01755 0.003 0.009702 0.0249 -0.2969
198  83.31  0.0003 0.3837 0.01967 0.003 -0.002771 -0.02093 -0.214
620  83.31  0.0003 0.3854 0.01704 0.003 -0.008416 -0.04368 -0.1954
614  83.31  0.0003 0.3837 0.01791 0.003 0.01221 -0.0163 -0.2085
372  83.31  0.0003 0.3842 0.01925 0.003 0.01845 0.0231 -0.2225
356  83.31  0.0003 0.3844 0.01824 0.003 0.02714 0.007181 -0.2314
315  83.31  0.0003 0.3839 0.01908 0.003 0.01336 0.00265 -0.2747
428  83.32  0.0003 0.3844 0.01641 0.003 0.03635 -0.02291 -0.1922
270  83.32  0.0003 0.3842 0.01709 0.003 0.02582 -0.02236 -0.2253
538  83.32  0.0003 0.3844 0.01721 0.003 0.01308 0.009786 -0.2504
326  83.32  0.0003 0.3836 0.0189 0.003 0.005603 -0.0215 -0.2189
150  83.33  0.0003 0.3843 0.01754 0.003 0.01339 0.02912 -0.2915
498  83.33  0.0003 0.3842 0.01705 0.003 0.001939 -0.02041 -0.2531
436  83.33  0.0003 0.3838 0.01907 0.003 -0.00307 -0.07212 -0.2298
159  83.33  0.0003 0.3839 0.01816 0.003 0.0127 0.004051 -0.2143
378  83.33  0.0003 0.3845 0.01773 0.003 0.03992 0.01269 -0.2104
469  83.33  0.0003 0.3841 0.01814 0.003 0.002819 -0.001708 -0.2141
219  83.34  0.0003 0.3844 0.01713 0.003 0.01337 0.01657 -0.3002
511  83.34  0.0003 0.3836 0.019 0.003 0.006392 0.01509 -0.2069
139  83.35  0.0003 0.3838 0.01809 0.003 0.007252 -0.0004365 -0.2171
502  83.35  0.0003 0.3839 0.01888 0.003 0.01463 0.0009394 -0.2754
392  83.35  0.0003 0.3845 0.01826 0.003 0.02474 0.008842 -0.2221
77  83.36  0.0003 0.384 0.01882 0.003 -0.00305 -0.03168 -0.2478
450  83.36  0.0003 0.3854 0.01871 0.003 0.01657 0.007382 -0.2131
280  83.36  0.0003 0.3841 0.01895 0.003 0.006556 -0.01351 -0.2326
464  83.36  0.0003 0.3842 0.01737 0.003 0.01285 0.009372 -0.2914
532  83.37  0.0003 0.3842 0.0174 0.003 0.01103 0.01694 -0.2951
413  83.37  0.0003 0.3839 0.01919 0.003 0.01127 -0.0124 -0.2709
463  83.38  0.0003 0.3839 0.01932 0.003 0.01545 0.007226 -0.2747
267  83.38  0.0003 0.3842 0.01796 0.003 0.01296 -0.01295 -0.2254
473  83.38  0.0003 0.3847 0.01694 0.003 0.04266 -0.02848 -0.2667
171  83.38  0.0003 0.3843 0.01744 0.003 0.03159 0.001388 -0.2223
321  83.39  0.0003 0.3839 0.01921 0.003 0.01493 0.01055 -0.2753
515  83.39  0.0003 0.3838 0.01805 0.003 0.009886 -0.01081 -0.2098
410  83.39  0.0003 0.3843 0.01763 0.003 0.006795 0.02608 -0.2953
214  83.39  0.0003 0.3843 0.01948 0.003 0.02251 0.02275 -0.2839
528  83.39  0.0003 0.3838 0.01776 0.003 0.02288 -0.01233 -0.1967
260  83.39  0.0003 0.3841 0.01881 0.003 0.02499 -0.01165 -0.2407
78  83.4  0.0003 0.3847 0.01717 0.003 0.03683 -0.01255 -0.2721
434  83.4  0.0003 0.3841 0.01957 0.003 0.02244 0.03581 -0.2372
242  83.4  0.0003 0.3841 0.01727 0.003 0.01894 -0.009207 -0.213
452  83.4  0.0003 0.384 0.01937 0.003 0.01732 0.027 -0.2769
427  83.4  0.0003 0.3847 0.01842 0.003 0.04055 0.0208 -0.2314
50  83.4  0.0003 0.3843 0.01714 0.003 -0.004515 -0.02272 -0.2774
416  83.41  0.0003 0.3843 0.01695 0.003 0.02941 -0.01335 -0.2222
409  83.41  0.0003 0.3841 0.01718 0.003 0.01815 -0.01051 -0.2188
341  83.41  0.0003 0.384 0.01924 0.003 0.01728 0.0258 -0.2772
347  83.41  0.0003 0.3844 0.01772 0.003 0.01491 0.04088 -0.303
363  83.41  0.0003 0.3843 0.01787 0.003 0.0197 -0.01935 -0.2164
479  83.41  0.0003 0.3839 0.01824 0.003 0.01103 0.004594 -0.213
207  83.41  0.0003 0.3859 0.0185 0.003 0.04463 0.02108 -0.23
606  83.41  0.0003 0.384 0.01924 0.003 0.01712 0.02944 -0.2776
202  83.42  0.0003 0.3837 0.01807 0.003 0.007992 -0.00581 -0.2257
482  83.42  0.0003 0.384 0.01937 0.003 0.01884 0.03802 -0.2782
688  83.42  0.0003 0.3848 0.0168 0.003 0.03921 -0.03631 -0.244
221  83.42  0.0003 0.3839 0.01848 0.003 -0.007664 0.02165 -0.216
67  83.42  0.0003 0.3841 0.01939 0.003 0.01946 0.0424 -0.2784
377  83.43  0.0003 0.3842 0.01833 0.003 0.01896 0.01775 -0.2447
239  83.43  0.0003 0.3845 0.01697 0.003 0.04045 -0.01495 -0.2151
224  83.43  0.0003 0.386 0.01789 0.003 0.05714 0.001857 -0.2366
351  83.43  0.0003 0.384 0.0175 0.003 0.01239 -0.004948 -0.2139
273  83.43  0.0003 0.3838 0.01807 0.003 0.01047 -0.009856 -0.2093
290  83.44  0.0003 0.3846 0.0165 0.003 0.04207 -0.03033 -0.2131
240  83.44  0.0003 0.3838 0.01974 0.003 0.03033 0.03853 -0.229
48  83.45  0.0003 0.3845 0.01935 0.003 0.02252 0.01355 -0.2255
229  83.45  0.0003 0.384 0.01946 0.003 0.006344 0.04811 -0.2378
180  83.45  0.0003 0.3843 0.01934 0.003 0.0236 0.03605 -0.2315
120  83.45  0.0003 0.3837 0.01951 0.003 -0.01798 0.05751 -0.2481
35  83.46  0.0003 0.384 0.0194 0.003 0.003994 0.04151 -0.2638
380  83.46  0.0003 0.3868 0.01794 0.003 0.07091 0.01571 -0.2242
514  83.46  0.0003 0.3843 0.01775 0.003 0.02551 0.013 -0.2199
572  83.46  0.0003 0.3842 0.01794 0.003 -0.002365 -0.01059 -0.2125
226  83.46  0.0003 0.3842 0.01915 0.003 0.02426 0.01591 -0.2358
238  83.46  0.0003 0.3837 0.0189 0.003 -0.0006055 0.005791 -0.2158
504  83.46  0.0003 0.3839 0.01975 0.003 -0.00399 0.03264 -0.2134
137  83.46  0.0003 0.3837 0.01845 0.003 0.004084 0.02157 -0.2114
442  83.47  0.0003 0.3838 0.01966 0.003 0.005536 0.04328 -0.2273
256  83.48  0.0003 0.3837 0.01983 0.003 0.02219 0.05118 -0.1967
46  83.48  0.0003 0.3837 0.01974 0.003 -0.01399 0.06079 -0.2278
432  83.48  0.0003 0.3838 0.01943 0.003 0.01965 0.04206 -0.2179
59  83.49  0.0003 0.3842 0.0193 0.003 -0.001438 0.01843 -0.2113
486  83.49  0.0003 0.3839 0.01784 0.003 0.02192 -0.01012 -0.1998
287  83.5  0.0003 0.3845 0.01964 0.003 0.01809 0.03537 -0.2157
24  83.5  0.0003 0.3838 0.01935 0.003 -0.01562 0.004582 -0.2115
475  83.51  0.0003 0.3841 0.01969 0.003 -0.01332 0.03597 -0.2165
405  83.51  0.0003 0.3842 0.01798 0.003 -1.331e-05 -0.008217 -0.2113
424  83.51  0.0003 0.384 0.01967 0.003 -0.006707 0.04483 -0.2247
126  83.53  0.0003 0.3836 0.01827 0.003 0.001285 0.0138 -0.2135
382  84.25  0.0003 0.3837 0.01814 0.003 0.00724 -0.004232 -0.2053
296  84.25  0.0003 0.3839 0.01817 0.003 -0.002124 0.004966 -0.213
609  84.25  0.0003 0.3841 0.0174 0.003 0.009081 -0.002535 -0.2212
740  84.25  0.0003 0.3837 0.01833 0.003 0.001687 0.01556 -0.2157
388  84.26  0.0003 0.3839 0.01903 0.003 0.01362 -0.002134 -0.2744
176  84.26  0.0003 0.3841 0.01792 0.003 -0.003252 -0.01253 -0.2124
703  84.28  0.0003 0.384 0.01829 0.003 0.01317 0.008065 -0.2792
561  84.29  0.0003 0.3842 0.01843 0.003 0.007397 0.01853 -0.2164
787  84.3  0.0003 0.3842 0.01733 0.003 0.0133 0.006189 -0.2904
417  84.31  0.0003 0.3839 0.01893 0.003 0.01329 0.002615 -0.2752
460  84.32  0.0003 0.3842 0.01726 0.003 0.01188 0.008989 -0.2932
448  84.32  0.0003 0.384 0.01747 0.003 0.01336 -0.006241 -0.2137
421  84.33  0.0003 0.3839 0.01908 0.003 0.01339 -0.002554 -0.2746
297  84.33  0.0003 0.3839 0.01937 0.003 0.01336 -0.002547 -0.2757
716  84.33  0.0003 0.3838 0.01787 0.003 0.02442 -0.01081 -0.2223
776  84.34  0.0003 0.3838 0.01793 0.003 -7.214e-05 -0.02143 -0.2261
785  84.34  0.0003 0.3838 0.01934 0.003 -0.024 0.01508 -0.2156
653  84.34  0.0003 0.3836 0.01897 0.003 0.007231 0.01234 -0.2049
494  84.35  0.0003 0.3842 0.01734 0.003 0.01319 0.004594 -0.2892
607  84.35  0.0003 0.3843 0.01719 0.003 0.01195 0.01259 -0.2966
679  84.36  0.0003 0.3838 0.01824 0.003 -0.002691 0.01092 -0.2339
26  84.36  0.0003 0.3839 0.01886 0.003 0.0134 0.002678 -0.2755
520  84.37  0.0003 0.3842 0.01728 0.003 0.0137 0.006876 -0.2918
858  84.39  0.0003 0.3839 0.01902 0.003 0.01351 -0.002627 -0.2745
492  84.39  0.0003 0.3839 0.01932 0.003 0.01349 -0.002646 -0.2755
783  84.39  0.0003 0.384 0.01828 0.003 0.008353 0.01271 -0.2189
304  84.4  0.0003 0.3843 0.01721 0.003 0.01294 0.01011 -0.2949
613  84.4  0.0003 0.3845 0.01742 0.003 0.03979 0.003706 -0.2187
730  84.41  0.0003 0.3837 0.01857 0.003 -0.02182 -0.03012 -0.2087
669  84.42  0.0003 0.3842 0.01743 0.003 0.01332 0.006834 -0.2889
541  84.42  0.0003 0.3837 0.01901 0.003 0.01545 0.01494 -0.236
554  84.44  0.0003 0.3839 0.0183 0.003 -0.0005616 0.01251 -0.2151
236  84.44  0.0003 0.3839 0.01905 0.003 0.01365 -0.001761 -0.2745
650  84.45  0.0003 0.3838 0.0178 0.003 -0.003876 -0.01934 -0.2142
89  84.45  0.0003 0.3847 0.01916 0.003 -0.009097 0.009039 -0.2061
563  84.45  0.0003 0.3838 0.01916 0.003 0.02879 0.0006127 -0.1864
339  84.45  0.0003 0.3841 0.01825 0.003 0.02015 -0.06476 -0.2273
672  84.46  0.0003 0.3843 0.01928 0.003 -0.002478 0.01594 -0.2244
621  84.46  0.0003 0.3846 0.01702 0.003 -0.0119 -0.009801 -0.2212
268  84.46  0.0003 0.3843 0.01708 0.003 -0.01427 0.01145 -0.2688
836  84.47  0.0003 0.3842 0.01763 0.003 0.01816 0.0117 -0.2227
722  84.47  0.0003 0.3841 0.0175 0.003 0.01308 0.007254 -0.2875
764  84.47  0.0003 0.3844 0.01729 0.003 0.01406 0.02264 -0.3008
455  84.47  0.0003 0.3839 0.01899 0.003 0.01341 0.002678 -0.275
706  84.48  0.0003 0.3842 0.01738 0.003 0.01286 0.01036 -0.2918
736  84.49  0.0003 0.3839 0.01764 0.003 0.02538 -0.02009 -0.1994
603  84.5  0.0003 0.384 0.01762 0.003 0.02574 -0.01688 -0.2013
542  84.5  0.0003 0.3839 0.0193 0.003 0.01376 -0.002267 -0.2754
462  84.51  0.0003 0.3845 0.01688 0.003 -0.006903 -0.01636 -0.2282
456  84.51  0.0003 0.3841 0.01944 0.003 0.01115 0.02367 -0.2408
646  84.51  0.0003 0.3836 0.01897 0.003 -0.004934 0.01241 -0.2111
471  84.51  0.0003 0.3842 0.01772 0.003 0.02877 0.0163 -0.2349
701  84.51  0.0003 0.3845 0.01721 0.003 0.03282 -0.0004226 -0.2707
637  84.51  0.0003 0.3843 0.01697 0.003 0.009846 -0.01595 -0.2742
724  84.53  0.0003 0.3837 0.01896 0.003 -0.006183 0.005332 -0.2664
361  84.54  0.0003 0.3839 0.01918 0.003 0.0144 -0.001586 -0.2751
559  84.54  0.0003 0.384 0.01918 0.003 -0.003391 0.01567 -0.2123
483  84.54  0.0003 0.3842 0.01735 0.003 0.01122 0.01189 -0.2921
869  84.54  0.0003 0.3842 0.01952 0.003 -0.006329 0.0284 -0.2222
723  84.54  0.0003 0.3843 0.01706 0.003 0.0128 0.008719 -0.2979
289  84.56  0.0003 0.3837 0.0184 0.003 -0.002983 0.01895 -0.2153
258  84.56  0.0003 0.3843 0.01834 0.003 0.0258 0.01807 -0.2307
364  84.56  0.0003 0.3837 0.01961 0.003 0.008852 0.03843 -0.2069
387  84.56  0.0003 0.3837 0.0184 0.003 -0.0008636 -0.03766 -0.2576
575  84.56  0.0003 0.3843 0.01782 0.003 0.007624 0.05256 -0.2791
360  84.56  0.0003 0.384 0.01765 0.003 -0.004049 0.02417 -0.27
648  84.56  0.0003 0.3842 0.01852 0.003 0.01842 -0.04463 -0.2232
571  84.57  0.0003 0.3841 0.01774 0.003 0.009632 0.02809 -0.2951
527  84.57  0.0003 0.3839 0.01894 0.003 0.01356 0.003247 -0.2753
691  84.57  0.0003 0.3843 0.01741 0.003 0.01412 0.02064 -0.2975
760  84.58  0.0003 0.3838 0.01783 0.003 0.00106 -0.02113 -0.2162
472  84.58  0.0003 0.3843 0.01709 0.003 0.02654 -0.02046 -0.2219
743  84.59  0.0003 0.3847 0.01752 0.003 0.023 0.03708 -0.26
659  84.59  0.0003 0.3843 0.01696 0.003 0.02716 -0.01426 -0.2421
599  84.59  0.0003 0.3842 0.01683 0.003 0.001851 -0.01857 -0.2389
592  84.59  0.0003 0.3843 0.0177 0.003 0.009656 0.03768 -0.3014
628  84.6  0.0003 0.3846 0.01716 0.003 0.02341 0.01573 -0.3013
751  84.6  0.0003 0.3843 0.01729 0.003 0.0137 0.008699 -0.2924
168  84.6  0.0003 0.3839 0.01932 0.003 0.01386 -0.001747 -0.2755
584  84.6  0.0003 0.3841 0.01738 0.003 0.004753 -0.005554 -0.2538
422  84.6  0.0003 0.3846 0.01766 0.003 0.05138 0.03673 -0.2785
556  84.61  0.0003 0.3838 0.01793 0.003 0.01402 -0.02055 -0.2179
383  84.61  0.0003 0.3837 0.0191 0.003 0.007344 0.01325 -0.2229
107  84.62  0.0003 0.384 0.0185 0.003 -0.0004279 0.02293 -0.2161
375  84.62  0.0003 0.3842 0.01731 0.003 0.01299 0.009736 -0.2928
288  84.62  0.0003 0.384 0.01748 0.003 0.01462 -0.04874 -0.2396
111  84.63  0.0003 0.3837 0.01968 0.003 -0.005189 0.04716 -0.2514
506  84.63  0.0003 0.3844 0.01717 0.003 0.02053 0.007859 -0.2963
562  84.64  0.0003 0.3839 0.0194 0.003 0.0147 0.01829 -0.2565
446  84.64  0.0003 0.3841 0.01921 0.003 0.02088 0.009602 -0.2817
709  84.64  0.0003 0.3839 0.0184 0.003 0.003042 0.02713 -0.2489
543  84.64  0.0003 0.3836 0.01903 0.003 0.01138 0.02045 -0.2292
384  84.64  0.0003 0.3842 0.0178 0.003 0.01726 0.02968 -0.2674
517  84.64  0.0003 0.3839 0.01813 0.003 0.006712 0.005047 -0.241
569  84.65  0.0003 0.3844 0.01689 0.003 0.02855 -0.02472 -0.2259
573  84.66  0.0003 0.3837 0.01949 0.003 0.01356 0.02756 -0.2037
1  84.66  0.0003 0.3843 0.01725 0.003 0.01121 0.02041 -0.3
654  84.66  0.0003 0.3841 0.01747 0.003 0.002751 -0.003071 -0.2831
512  84.67  0.0003 0.3846 0.01754 0.003 0.01267 0.04781 -0.2896
651  84.67  0.0003 0.3846 0.01726 0.003 0.03348 -0.004502 -0.2725
164  84.67  0.0003 0.3837 0.01921 0.003 0.007852 0.01628 -0.2227
576  84.68  0.0003 0.3846 0.01679 0.003 0.04828 -0.01914 -0.2265
391  84.68  0.0003 0.3848 0.01749 0.003 0.0267 0.0339 -0.3029
526  84.68  0.0003 0.3839 0.01805 0.003 0.002899 -0.008988 -0.2279
586  84.68  0.0003 0.3844 0.01745 0.003 0.01842 0.0211 -0.2972
461  84.68  0.0003 0.3843 0.01798 0.003 0.02965 0.02388 -0.2108
594  84.68  0.0003 0.3846 0.01746 0.003 0.02063 0.03908 -0.3083
275  84.68  0.0003 0.3837 0.01943 0.003 0.008747 0.03155 -0.2189
747  84.69  0.0003 0.3843 0.01816 0.003 0.0312 -0.06325 -0.2407
493  84.69  0.0003 0.3839 0.01745 0.003 0.032 -0.03304 -0.2031
612  84.69  0.0003 0.3847 0.01738 0.003 0.02409 0.03445 -0.3087
156  84.69  0.0003 0.3841 0.01729 0.003 0.002007 -0.001455 -0.2551
495  84.69  0.0003 0.3847 0.01744 0.003 0.04635 0.01072 -0.2434
647  84.7  0.0003 0.3844 0.01767 0.003 0.0172 0.03388 -0.3001
598  84.7  0.0003 0.3838 0.01887 0.003 0.006837 -0.01791 -0.2398
174  84.7  0.0003 0.3836 0.01922 0.003 -0.005592 -0.0109 -0.2107
655  84.7  0.0003 0.3842 0.01678 0.003 0.03154 -0.03538 -0.2238
539  84.7  0.0003 0.3843 0.01948 0.003 0.03572 0.02482 -0.2385
440  84.7  0.0003 0.384 0.0192 0.003 0.01589 0.01602 -0.2761
531  84.71  0.0003 0.3845 0.01736 0.003 0.01694 0.00267 -0.2742
521  84.71  0.0003 0.3845 0.01766 0.003 0.01984 0.03358 -0.3003
615  84.71  0.0003 0.3844 0.01734 0.003 0.03575 0.004586 -0.2179
368  84.71  0.0003 0.3837 0.01906 0.003 0.005984 0.01839 -0.2099
583  84.71  0.0003 0.384 0.01914 0.003 0.01636 0.01837 -0.2766
791  84.71  0.0003 0.3844 0.01762 0.003 0.01628 0.03468 -0.3016
786  84.72  0.0003 0.3845 0.01692 0.003 0.04223 -0.02152 -0.2153
565  84.72  0.0003 0.3837 0.01814 0.003 -0.0047 -0.004717 -0.2101
509  84.72  0.0003 0.3838 0.01976 0.003 0.003174 0.06676 -0.2484
698  84.72  0.0003 0.3841 0.01714 0.003 0.02894 0.0008037 -0.2291
5  84.72  0.0003 0.3838 0.01826 0.003 0.0003664 0.01234 -0.2251
343  84.73  0.0003 0.3845 0.01765 0.003 0.01711 0.03961 -0.3036
519  84.73  0.0003 0.3838 0.01974 0.003 -0.005642 0.05953 -0.2188
404  84.73  0.0003 0.3837 0.01868 0.003 0.01224 0.03175 -0.2045
478  84.73  0.0003 0.3845 0.0174 0.003 0.03982 -0.002949 -0.2139
536  84.74  0.0003 0.3837 0.01957 0.003 0.01641 0.03793 -0.1988
169  84.74  0.0003 0.3841 0.01804 0.003 -0.00417 -0.004692 -0.2087
668  84.74  0.0003 0.3842 0.01826 0.003 0.03285 0.006974 -0.2122
443  84.74  0.0003 0.3839 0.0188 0.003 0.01897 0.04071 -0.2206
540  84.75  0.0003 0.3845 0.01733 0.003 0.03984 0.004262 -0.2255
530  84.76  0.0003 0.384 0.0197 0.003 0.00696 0.04815 -0.2258
656  84.76  0.0003 0.3843 0.01743 0.003 0.02658 0.001925 -0.2089
234  84.76  0.0003 0.3839 0.01917 0.003 0.01434 -0.004964 -0.2126
459  84.76  0.0003 0.3841 0.01781 0.003 0.01251 -0.02199 -0.2132
346  84.76  0.0003 0.3839 0.01758 0.003 0.01926 -0.02568 -0.2142
444  84.77  0.0003 0.3849 0.01722 0.003 0.04073 -0.009164 -0.2283
324  84.77  0.0003 0.3842 0.01714 0.003 0.00929 -0.005573 -0.2221
302  84.77  0.0003 0.3837 0.01805 0.003 0.007811 -0.008644 -0.2144
608  84.77  0.0003 0.3841 0.01803 0.003 -0.004279 -0.005075 -0.2091
429  84.77  0.0003 0.3851 0.01709 0.003 0.0593 -0.0187 -0.2636
323  84.77  0.0003 0.3839 0.01831 0.003 -0.003448 0.0133 -0.2501
533  84.77  0.0003 0.3843 0.01906 0.003 -0.00518 -0.003584 -0.217
692  84.78  0.0003 0.3846 0.01732 0.003 0.04414 -0.00325 -0.2101
470  84.78  0.0003 0.3837 0.01908 0.003 0.009709 0.01105 -0.2207
352  84.78  0.0003 0.3839 0.01845 0.003 0.02483 0.01554 -0.2169
635  84.79  0.0003 0.384 0.0177 0.003 0.02248 -0.01312 -0.2016
458  84.79  0.0003 0.3836 0.01867 0.003 0.01654 0.04282 -0.2351
537  84.79  0.0003 0.3841 0.01794 0.003 -0.0007123 -0.009112 -0.2114
501  84.81  0.0003 0.3843 0.01694 0.003 0.02583 -0.00936 -0.2293
449  84.81  0.0003 0.3841 0.01867 0.003 0.0221 0.02684 -0.2123
544  84.83  0.0003 0.384 0.01785 0.003 -0.008518 -0.01525 -0.2103
185  84.83  0.0003 0.3841 0.01732 0.003 0.02086 -0.0101 -0.2362
694  84.83  0.0003 0.3837 0.01835 0.003 0.004326 0.01717 -0.2149
641  84.84  0.0003 0.3843 0.01795 0.003 0.008594 -0.01221 -0.2184
522  84.84  0.0003 0.384 0.01739 0.003 0.009218 -0.004184 -0.2357
286  84.86  0.0003 0.3841 0.01796 0.003 -0.005239 -0.009679 -0.2097
298  84.93  0.0003 0.3857 0.01883 0.003 0.03414 0.009388 -0.22
507  84.94  0.0003 0.3837 0.01895 0.003 0.006317 0.01293 -0.2077
31  84.94  0.0003 0.3853 0.01911 0.003 0.01419 0.003817 -0.2105
374  84.94  0.0003 0.3837 0.01854 0.003 0.013 -0.03529 -0.1957
597  84.94  0.0003 0.384 0.01839 0.003 -0.009407 0.01406 -0.2123
426  84.95  0.0003 0.3841 0.01834 0.003 -0.003213 0.01247 -0.2172
435  84.95  0.0003 0.3838 0.01894 0.003 0.01243 0.01163 -0.211
322  85.51  0.0003 0.384 0.01819 0.003 0.01278 0.008717 -0.2805
874  85.55  0.0003 0.3838 0.01827 0.003 -0.001508 0.01351 -0.2349
853  85.55  0.0003 0.384 0.01824 0.003 0.01359 0.004985 -0.2787
685  85.56  0.0003 0.3839 0.01895 0.003 0.009165 0.008088 -0.2617
839  85.56  0.0003 0.3839 0.01932 0.003 0.01041 0.02454 -0.2688
752  85.59  0.0003 0.3841 0.01906 0.003 0.02966 0.01588 -0.2127
588  85.59  0.0003 0.384 0.01798 0.003 0.006521 -0.01298 -0.2214
476  85.59  0.0003 0.3839 0.01928 0.003 0.01344 -0.002555 -0.2754
805  85.62  0.0003 0.3838 0.01939 0.003 0.003747 0.04937 -0.243
664  85.62  0.0003 0.3839 0.01905 0.003 0.01326 0.002513 -0.2748
831  85.62  0.0003 0.3844 0.01714 0.003 0.0284 -0.02961 -0.2539
784  85.63  0.0003 0.3842 0.01815 0.003 0.0256 0.003767 -0.2144
872  85.63  0.0003 0.3843 0.01722 0.003 0.01092 0.01353 -0.2966
824  85.64  0.0003 0.3841 0.01761 0.003 0.01109 0.01329 -0.2891
704  85.64  0.0003 0.3837 0.0183 0.003 -0.009739 0.01951 -0.2474
888  85.65  0.0003 0.3841 0.01843 0.003 0.01051 0.01892 -0.2147
818  85.66  0.0003 0.3839 0.01922 0.003 0.01361 -0.00241 -0.2752
860  85.66  0.0003 0.3841 0.01751 0.003 0.01078 0.01452 -0.2916
423  85.68  0.0003 0.3837 0.01932 0.003 -0.003058 0.01323 -0.2182
345  85.68  0.0003 0.3836 0.01893 0.003 -0.004344 -0.001638 -0.2261
632  85.7  0.0003 0.3839 0.01908 0.003 0.01368 -0.002415 -0.2747
748  85.7  0.0003 0.384 0.0184 0.003 0.005468 0.01722 -0.2184
735  85.71  0.0003 0.3837 0.01856 0.003 0.002288 0.02468 -0.2139
316  85.71  0.0003 0.384 0.01731 0.003 0.01288 -0.002275 -0.2519
437  85.72  0.0003 0.3842 0.01693 0.003 0.02934 -0.02426 -0.2153
605  85.73  0.0003 0.3837 0.01919 0.003 -0.004654 0.01803 -0.2274
768  85.73  0.0003 0.384 0.01799 0.003 -0.004061 -0.01022 -0.2118
644  85.74  0.0003 0.3842 0.01883 0.003 -0.004818 -0.01903 -0.2109
889  85.74  0.0003 0.3836 0.01905 0.003 -0.004835 -0.02 -0.2118
484  85.74  0.0003 0.3837 0.019 0.003 -0.0145 0.002075 -0.2183
813  85.74  0.0003 0.3842 0.01721 0.003 0.01287 0.006998 -0.2931
821  85.74  0.0003 0.3839 0.01909 0.003 0.01411 0.003437 -0.2749
187  85.75  0.0003 0.3838 0.01828 0.003 -0.002422 0.0128 -0.2349
629  85.76  0.0003 0.384 0.01948 0.003 0.007339 0.03651 -0.2556
842  85.77  0.0003 0.3841 0.01732 0.003 0.004567 0.003849 -0.244
337  85.77  0.0003 0.3843 0.01937 0.003 0.00128 0.02119 -0.2112
892  85.77  0.0003 0.3839 0.01922 0.003 0.0135 -0.00244 -0.2752
702  85.77  0.0003 0.3846 0.01721 0.003 0.04495 -0.02073 -0.2592
638  85.77  0.0003 0.3843 0.01739 0.003 -0.0044 0.01824 -0.2353
738  85.78  0.0003 0.3837 0.01814 0.003 0.002196 -0.005953 -0.2171
830  85.78  0.0003 0.3843 0.01711 0.003 0.01134 0.01495 -0.2996
796  85.79  0.0003 0.3841 0.0176 0.003 0.0105 0.01811 -0.292
862  85.79  0.0003 0.3838 0.01792 0.003 -0.00241 -0.01418 -0.2117
745  85.8  0.0003 0.3844 0.01774 0.003 0.01196 0.04263 -0.2831
878  85.8  0.0003 0.3841 0.01774 0.003 -4.865e-05 0.03277 -0.2838
567  85.81  0.0003 0.3837 0.01913 0.003 0.007832 0.02154 -0.2065
808  85.81  0.0003 0.3839 0.01909 0.003 0.02585 0.0001956 -0.2557
771  85.81  0.0003 0.384 0.01738 0.003 0.01192 -0.01004 -0.2145
727  85.82  0.0003 0.3842 0.01735 0.003 0.0104 0.01602 -0.2956
699  85.82  0.0003 0.3839 0.01907 0.003 0.01929 0.01794 -0.2126
487  85.83  0.0003 0.3846 0.01702 0.003 0.04882 -0.02016 -0.2109
394  85.83  0.0003 0.3839 0.01772 0.003 0.01992 -0.01408 -0.2022
414  85.83  0.0003 0.3837 0.01833 0.003 0.008272 -0.04866 -0.2197
739  85.84  0.0003 0.3837 0.01924 0.003 0.005683 -0.01235 -0.2078
577  85.84  0.0003 0.3839 0.01896 0.003 0.01411 0.002863 -0.2753
774  85.84  0.0003 0.3842 0.01743 0.003 0.012 0.009565 -0.2904
859  85.86  0.0003 0.3839 0.01916 0.003 -0.004562 0.01686 -0.2116
652  85.87  0.0003 0.3839 0.01943 0.003 0.004867 0.02863 -0.2297
611  85.87  0.0003 0.3842 0.01726 0.003 0.01134 0.01021 -0.2939
552  85.87  0.0003 0.3841 0.01767 0.003 0.01601 0.00864 -0.2202
855  85.88  0.0003 0.3838 0.0177 0.003 0.02606 -0.02056 -0.2155
877  85.88  0.0003 0.3843 0.0175 0.003 0.0006626 0.02515 -0.229
807  85.88  0.0003 0.3836 0.01903 0.003 0.007651 0.01557 -0.2047
524  85.88  0.0003 0.3839 0.0191 0.003 0.01361 -0.0008084 -0.2746
523  85.89  0.0003 0.3847 0.01665 0.003 0.05036 -0.03532 -0.2608
211  85.89  0.0003 0.384 0.01767 0.003 0.0571 -0.02912 -0.1077
799  85.89  0.0003 0.3839 0.01893 0.003 0.01366 0.002847 -0.2753
674  85.89  0.0003 0.3837 0.01819 0.003 -0.02095 0.07112 -0.1148
710  85.89  0.0003 0.3841 0.01759 0.003 0.01173 0.01351 -0.2896
893  85.9  0.0003 0.3843 0.01725 0.003 0.0122 0.01995 -0.2998
848  85.9  0.0003 0.3839 0.01888 0.003 0.01366 -0.01303 -0.2162
804  85.91  0.0003 0.3848 0.01764 0.003 0.03436 0.03218 -0.2672
403  85.91  0.0003 0.3869 0.01682 0.003 0.09575 0.04068 -0.336
547  85.91  0.0003 0.3849 0.01745 0.003 0.03146 0.02725 -0.2998
365  85.91  0.0003 0.3841 0.01756 0.003 0.0003618 0.02271 -0.2423
675  85.91  0.0003 0.3844 0.01796 0.003 0.03603 0.0312 -0.2139
825  85.91  0.0003 0.3841 0.01731 0.003 -0.0123 -0.007939 -0.2557
718  85.91  0.0003 0.3844 0.01712 0.003 0.03399 0.01227 -0.234
737  85.91  0.0003 0.3872 0.01779 0.003 0.1143 0.07039 -0.344
626  85.92  0.0003 0.3844 0.01973 0.003 0.02628 0.04831 -0.2267
680  85.92  0.0003 0.3843 0.01744 0.003 0.0171 0.01613 -0.2944
293  85.92  0.0003 0.3839 0.01934 0.003 0.0135 -0.002655 -0.2756
757  85.93  0.0003 0.3837 0.01868 0.003 -0.006837 0.03435 -0.2173
806  85.93  0.0003 0.3848 0.01721 0.003 0.03324 0.004897 -0.2407
366  85.93  0.0003 0.3843 0.01679 0.003 0.02398 -0.0221 -0.2229
896  85.93  0.0003 0.3842 0.01983 0.003 0.02807 -0.00892 -0.2142
761  85.93  0.0003 0.3845 0.01809 0.003 -0.0086 0.08217 -0.2717
732  85.93  0.0003 0.3842 0.01833 0.003 -0.01136 0.09266 -0.251
867  85.94  0.0003 0.3844 0.01776 0.003 0.01838 0.03993 -0.2412
310  85.94  0.0003 0.3845 0.01716 0.003 0.03292 -0.02048 -0.2639
834  85.94  0.0003 0.3837 0.0182 0.003 -0.001585 0.02843 -0.02681
755  85.94  0.0003 0.3839 0.01887 0.003 0.01357 0.001019 -0.2753
625  85.94  0.0003 0.3839 0.01918 0.003 0.01421 0.001107 -0.2747
697  85.94  0.0003 0.3856 0.0183 0.003 0.01176 0.04237 -0.2399
773  85.95  0.0003 0.3846 0.01736 0.003 0.01292 0.008634 -0.2548
856  85.95  0.0003 0.3842 0.01807 0.003 -0.002821 -0.004053 -0.2122
480  85.95  0.0003 0.3846 0.01734 0.003 0.02721 0.007496 -0.2404
466  85.95  0.0003 0.3845 0.01713 0.003 0.03633 -0.002167 -0.2148
871  85.95  0.0003 0.3848 0.01701 0.003 -0.005454 -0.008402 -0.2197
645  85.95  0.0003 0.3839 0.01814 0.003 -0.002197 0.003387 -0.2164
883  85.95  0.0003 0.3842 0.01728 0.003 0.006941 -0.012 -0.222
811  85.96  0.0003 0.3851 0.0174 0.003 0.03695 0.01129 -0.2517
634  85.96  0.0003 0.3838 0.01829 0.003 -0.04135 0.0005976 -0.1123
814  85.96  0.0003 0.3843 0.01753 0.003 0.02832 0.007108 -0.2206
623  85.96  0.0003 0.3842 0.01756 0.003 0.01509 0.01386 -0.2908
769  85.96  0.0003 0.3842 0.01784 0.003 -0.001889 -0.01513 -0.21
665  85.97  0.0003 0.3842 0.01764 0.003 0.01304 0.02136 -0.2932
574  85.97  0.0003 0.3846 0.01689 0.003 0.03023 -0.00342 -0.2163
663  85.98  0.0003 0.3838 0.01789 0.003 0.01082 -0.01572 -0.2061
505  85.98  0.0003 0.3839 0.01876 0.003 -0.01052 -0.03997 -0.244
816  85.99  0.0003 0.3841 0.01788 0.003 0.02678 0.055 -0.05038
546  85.99  0.0003 0.3842 0.0177 0.003 0.01968 0.03165 -0.2495
746  85.99  0.0003 0.3844 0.01744 0.003 0.03525 -0.009751 -0.2855
445    86  0.0003 0.3839 0.01937 0.003 0.01567 0.01253 -0.2751
696    86  0.0003 0.3843 0.01858 0.003 0.02624 -0.04458 -0.2298
518    86  0.0003 0.3844 0.0183 0.003 0.0191 0.01148 -0.2184
826    86  0.0003 0.3839 0.01834 0.003 -0.00235 0.006197 -0.00283
837    86  0.0003 0.3852 0.01686 0.003 0.0768 -0.02531 -0.2487
489    86  0.0003 0.3839 0.01934 0.003 0.01601 0.01627 -0.2756
758  86.01  0.0003 0.3843 0.0172 0.003 0.0212 0.003345 -0.214
690  86.01  0.0003 0.3842 0.01686 0.003 0.03348 -0.02622 -0.2475
789  86.01  0.0003 0.384 0.0188 0.003 0.01721 0.09272 -0.09028
765  86.01  0.0003 0.3844 0.01744 0.003 0.01818 0.01413 -0.2534
551  86.01  0.0003 0.384 0.0193 0.003 0.01645 0.01935 -0.2762
617  86.01  0.0003 0.3844 0.01819 0.003 0.03947 2.665e-05 -0.2111
778  86.02  0.0003 0.384 0.01929 0.003 0.0169 0.02335 -0.2767
687  86.02  0.0003 0.3843 0.0181 0.003 0.09247 0.02317 -0.04882
742  86.02  0.0003 0.3842 0.01777 0.003 0.05749 0.02057 -0.03747
344  86.02  0.0003 0.384 0.01746 0.003 0.0116 0.0008732 -0.232
550  86.03  0.0003 0.384 0.01934 0.003 0.01717 0.02924 -0.2772
557  86.03  0.0003 0.3841 0.01782 0.003 -0.004111 -0.01735 -0.2079
595  86.03  0.0003 0.384 0.01935 0.003 0.01778 0.03345 -0.2777
333  86.03  0.0003 0.3842 0.0174 0.003 0.01546 -0.008383 -0.2182
88  86.04  0.0003 0.384 0.01932 0.003 0.01824 0.03556 -0.2781
767  86.04  0.0003 0.385 0.01632 0.003 0.01137 -0.04583 -0.2222
782  86.04  0.0003 0.3841 0.01771 0.003 0.01219 0.009606 -0.005358
781  86.04  0.0003 0.3837 0.01976 0.003 -0.009014 0.06521 -0.2475
204  86.04  0.0003 0.3843 0.01729 0.003 0.04423 -0.05912 -0.1139
713  86.05  0.0003 0.3844 0.01751 0.003 0.07216 -0.01528 -0.1023
393  86.06  0.0003 0.3837 0.0198 0.003 0.01656 0.05879 -0.2265
800  86.06  0.0003 0.3851 0.01654 0.003 0.04186 -0.04697 -0.2331
729  86.07  0.0003 0.384 0.01773 0.003 0.02083 -0.03596 -0.08182
545  86.07  0.0003 0.3838 0.01979 0.003 0.01439 0.03985 -0.2136
899  86.07  0.0003 0.3839 0.01964 0.003 -0.004782 0.02199 -0.2139
744  86.07  0.0003 0.3843 0.01911 0.003 0.0005532 0.007044 -0.2084
585  86.07  0.0003 0.3841 0.0193 0.003 0.004631 0.03227 -0.2335
44  86.07  0.0003 0.3837 0.01949 0.003 0.01409 0.0293 -0.2129
566  86.07  0.0003 0.3838 0.01796 0.003 -0.00766 -0.01185 -0.01388
516  86.08  0.0003 0.3838 0.01998 0.003 0.01106 0.03998 -0.2111
271  86.08  0.0003 0.3842 0.01991 0.003 0.02836 0.04602 -0.2201
886  86.08  0.0003 0.384 0.01953 0.003 0.0006965 0.03964 -0.2275
568  86.08  0.0003 0.3838 0.01989 0.003 0.001882 0.05612 -0.23
788  86.08  0.0003 0.3837 0.01924 0.003 0.005854 0.02811 -0.2101
741  86.09  0.0003 0.3846 0.01959 0.003 0.0126 0.02692 -0.2096
708  86.09  0.0003 0.3843 0.01958 0.003 0.002684 0.03379 -0.2118
754  86.09  0.0003 0.3836 0.01924 0.003 0.00596 0.02175 -0.2168
376  86.09  0.0003 0.3845 0.01944 0.003 0.01634 0.03092 -0.223
631  86.11  0.0003 0.384 0.01942 0.003 -0.006774 0.03345 -0.2212
433  86.12  0.0003 0.3854 0.01919 0.003 0.01877 0.00417 -0.211
792  86.12  0.0003 0.384 0.01762 0.003 0.04791 -0.05693 -0.08414
425  86.13  0.0003 0.3853 0.01879 0.003 0.01296 0.002463 -0.2113
682  86.14  0.0003 0.384 0.01765 0.003 0.02689 -0.0548 -0.07032
130  86.15  0.0003 0.3841 0.0182 0.003 0.006241 -0.002187 -0.003158
579  86.15  0.0003 0.384 0.01759 0.003 0.03034 -0.0461 -0.07043
643  86.16  0.0003 0.3837 0.01951 0.003 0.009058 0.02698 -0.2146
499  86.16  0.0003 0.3837 0.01901 0.003 -0.00481 0.01252 -0.2111
602  87.03  0.0003 0.3839 0.01907 0.003 0.01332 0.002618 -0.2747
881  87.05  0.0003 0.3839 0.01983 0.003 0.00277 0.05184 -0.217
712  87.07  0.0003 0.3839 0.01915 0.003 0.01346 -0.002621 -0.2749
900  87.08  0.0003 0.3839 0.019 0.003 0.01333 0.002611 -0.275
683  87.12  0.0003 0.3841 0.01874 0.003 -0.004534 -0.02724 -0.2106
794  87.13  0.0003 0.3837 0.01912 0.003 0.01332 -0.01525 -0.2317
766  87.13  0.0003 0.3841 0.01881 0.003 0.02544 -0.01531 -0.2361
649  87.14  0.0003 0.3836 0.01861 0.003 0.0004296 0.01039 -0.02845
780  87.14  0.0003 0.3839 0.01893 0.003 0.01341 0.002631 -0.2753
670  87.15  0.0003 0.384 0.01777 0.003 0.002444 0.002941 -0.003597
548  87.18  0.0003 0.3844 0.01726 0.003 0.04927 -0.04641 -0.05349
890  87.18  0.0003 0.3839 0.01937 0.003 0.01371 -0.002546 -0.2758
779  87.18  0.0003 0.3837 0.01902 0.003 0.009631 0.0157 -0.2251
700  87.19  0.0003 0.3838 0.0194 0.003 0.01946 0.01959 -0.2365
795  87.19  0.0003 0.384 0.01975 0.003 0.003158 0.04235 -0.2226
879  87.2  0.0003 0.3843 0.01718 0.003 0.03021 -0.01398 -0.2136
707  87.2  0.0003 0.3839 0.01892 0.003 0.01344 0.00269 -0.2753
843  87.21  0.0003 0.3841 0.0182 0.003 0.01502 -0.003683 -0.0179
815  87.21  0.0003 0.3842 0.01751 0.003 0.01358 -0.02096 -0.0361
671  87.24  0.0003 0.3842 0.01729 0.003 0.01273 0.006024 -0.2909
844  87.24  0.0003 0.3842 0.01849 0.003 0.03038 0.02792 -0.03693
762  87.24  0.0003 0.3839 0.01932 0.003 0.01838 0.01834 -0.2623
810  87.25  0.0003 0.3842 0.01735 0.003 0.01226 0.01326 -0.2941
802  87.25  0.0003 0.3837 0.01897 0.003 0.009825 0.005661 -0.2133
725  87.26  0.0003 0.3839 0.01899 0.003 0.01369 0.003173 -0.2752
841  87.26  0.0003 0.3841 0.01851 0.003 0.02351 0.007639 -0.05684
731  87.26  0.0003 0.3844 0.01781 0.003 0.002526 -0.00224 -0.002631
845  87.27  0.0003 0.3842 0.01877 0.003 0.03656 0.03953 -0.04372
876  87.27  0.0003 0.3844 0.01741 0.003 0.07078 -0.02471 -0.09899
835  87.28  0.0003 0.3842 0.01749 0.003 0.06291 -0.01497 -0.2282
822  87.29  0.0003 0.3842 0.01752 0.003 0.01168 0.01569 -0.2921
327  87.29  0.0003 0.3837 0.01984 0.003 0.01528 0.05707 -0.2161
832  87.3  0.0003 0.3838 0.01903 0.003 0.003543 -0.02357 -0.2551
863  87.3  0.0003 0.3839 0.01925 0.003 0.01306 -0.002291 -0.2532
717  87.3  0.0003 0.3842 0.01746 0.003 0.01184 0.01719 -0.2942
898  87.31  0.0003 0.3839 0.01946 0.003 0.01617 0.0171 -0.2753
721  87.31  0.0003 0.384 0.01946 0.003 0.01673 0.02166 -0.2759
661  87.32  0.0003 0.3843 0.01908 0.003 0.03272 0.009201 -0.2117
849  87.32  0.0003 0.384 0.01951 0.003 0.0171 0.02757 -0.2764
891  87.33  0.0003 0.3842 0.01932 0.003 0.02818 0.02874 -0.248
828  87.33  0.0003 0.3839 0.0197 0.003 0.006184 0.04923 -0.2538
882  87.33  0.0003 0.3844 0.01698 0.003 0.01989 -0.02037 -0.2275
772  87.33  0.0003 0.384 0.01947 0.003 0.0181 0.0334 -0.2773
875  87.34  0.0003 0.384 0.01948 0.003 0.01821 0.037 -0.2776
558  87.34  0.0003 0.3839 0.01935 0.003 0.004051 0.03379 -0.2521
695  87.34  0.0003 0.3842 0.01915 0.003 0.006024 0.01098 -0.2192
894  87.34  0.0003 0.384 0.01958 0.003 0.01039 0.0475 -0.2394
857  87.35  0.0003 0.3846 0.01774 0.003 0.03489 0.01571 -0.2204
777  87.35  0.0003 0.3839 0.01747 0.003 0.006109 -0.01645 -0.02692
897  87.35  0.0003 0.3844 0.01709 0.003 0.0345 -0.01273 -0.2143
895  87.35  0.0003 0.3842 0.0185 0.003 0.05206 0.03451 -0.06647
880  87.36  0.0003 0.3839 0.01959 0.003 -0.0001921 0.04032 -0.2314
622  87.36  0.0003 0.3838 0.01974 0.003 0.01646 0.04305 -0.232
734  87.37  0.0003 0.3837 0.01917 0.003 0.01362 0.006749 -0.2067
681  87.37  0.0003 0.384 0.01744 0.003 0.01076 0.0008812 -0.2216
819  87.37  0.0003 0.3837 0.01894 0.003 0.02257 0.05401 -0.04628
887  87.37  0.0003 0.3838 0.01883 0.003 0.03953 0.007961 -0.1155
596  87.38  0.0003 0.3838 0.02002 0.003 0.02293 0.06065 -0.2229
570  87.38  0.0003 0.3846 0.01701 0.003 0.01677 -0.01961 -0.2532
803  87.38  0.0003 0.3842 0.01704 0.003 0.02207 -0.0107 -0.2058
827  87.38  0.0003 0.384 0.01743 0.003 0.01162 -0.002299 -0.223
829  87.39  0.0003 0.3844 0.01783 0.003 0.01019 -0.006054 -0.005681
812  87.39  0.0003 0.3845 0.01887 0.003 0.05442 -0.02484 -0.03946
529  87.39  0.0003 0.384 0.01898 0.003 -0.04431 -0.002938 -0.08444
619  87.39  0.0003 0.3838 0.01937 0.003 0.009054 0.001083 -0.2207
684  87.4  0.0003 0.3842 0.01917 0.003 0.03628 0.03621 -0.1198
870  87.4  0.0003 0.3847 0.01796 0.003 0.054 0.005778 -0.06691
775  87.4  0.0003 0.3842 0.0172 0.003 0.02539 -0.01291 -0.2213
610  87.41  0.0003 0.3839 0.01933 0.003 -0.007885 0.02461 -0.2232
673  87.41  0.0003 0.3845 0.01749 0.003 0.0485 -0.03493 -0.09369
726  87.42  0.0003 0.3838 0.01887 0.003 0.00963 -0.007552 -0.01355
636  87.42  0.0003 0.3841 0.01933 0.003 -0.009429 0.01892 -0.222
759  87.42  0.0003 0.3845 0.01784 0.003 0.02888 -0.04004 -0.02549
833  87.43  0.0003 0.384 0.01928 0.003 0.06127 0.04375 -0.04287
846  87.44  0.0003 0.3847 0.01847 0.003 0.06297 0.03432 -0.06071
500  87.45  0.0003 0.3846 0.01665 0.003 0.02932 -0.04005 -0.2286
884  87.46  0.0003 0.3845 0.01786 0.003 0.02174 -0.02018 -0.01795
840  87.47  0.0003 0.3844 0.01877 0.003 0.005601 0.02253 -0.01656
823  87.47  0.0003 0.3836 0.01925 0.003 -0.07383 0.04656 -0.05977
667  87.51  0.0003 0.3836 0.01941 0.003 0.02021 0.02676 -0.2068
733  87.52  0.0003 0.3847 0.01773 0.003 0.05612 -0.0265 -0.07962
488  87.53  0.0003 0.3855 0.01896 0.003 0.02131 -0.01542 -0.2228
885  88.67  0.0003 0.384 0.01746 0.003 0.03426 -0.0001212 -0.05563
624  88.68  0.0003 0.3843 0.01762 0.003 0.01098 -0.01038 -0.009006
797  88.68  0.0003 0.3841 0.01916 0.003 -0.03408 0.04927 -0.07313
851  88.69  0.0003 0.3843 0.01735 0.003 0.01018 -0.04269 -0.01057
866  88.72  0.0003 0.3836 0.01949 0.003 0.006894 0.04384 -0.2183
590  88.74  0.0003 0.3846 0.0164 0.003 0.0422 -0.04291 -0.2164
720  88.75  0.0003 0.3847 0.01835 0.003 0.05622 -0.006484 -0.05412
715  88.76  0.0003 0.3844 0.01679 0.003 0.02901 -0.02479 -0.2169
749  88.76  0.0003 0.3842 0.01756 0.003 0.07277 -0.04056 -0.06579
865  88.78  0.0003 0.3842 0.01756 0.003 0.09268 -0.05291 -0.1244
