# ID time  diameter x y z u v w  (ex ey ez, color)
299  42.59  0.0001 0.3932 0.02108 0.002998 0.7897 0.6075 -2.451
43  106.6  0.0001 0.3837 0.01825 0.003 0.007481 0.00467 -0.2757
59   112  0.0001 0.3837 0.01908 0.003 0.007872 0.001518 -0.2721
26  112.1  0.0001 0.3837 0.01898 0.003 0.007879 0.001527 -0.2725
12  112.1  0.0001 0.3837 0.01888 0.003 0.007882 0.001528 -0.2728
53  112.1  0.0001 0.3837 0.01879 0.003 0.007886 0.001531 -0.2732
39  112.1  0.0001 0.3837 0.01869 0.003 0.007894 0.001539 -0.2735
201  112.1  0.0001 0.3838 0.01949 0.003 0.01459 0.01742 -0.2083
76  112.1  0.0001 0.3837 0.01831 0.003 0.007914 0.001548 -0.2749
235  112.1  0.0001 0.3837 0.01822 0.003 0.007922 0.001554 -0.2753
92  112.1  0.0001 0.3838 0.01771 0.003 0.01063 -0.0114 -0.2131
213  112.1  0.0001 0.3837 0.01822 0.003 0.007493 0.004706 -0.276
80  112.1  0.0001 0.3837 0.01814 0.003 0.007499 0.004708 -0.277
72  112.2  0.0001 0.3838 0.01806 0.003 0.007507 0.004716 -0.2779
96  112.2  0.0001 0.3838 0.018 0.003 0.007008 0.006633 -0.278
24  112.2  0.0001 0.3842 0.01717 0.003 0.02982 -0.03133 -0.2523
70  112.2  0.0001 0.3838 0.01832 0.003 0.01216 0.01002 -0.2119
64  112.2  0.0001 0.3838 0.01775 0.003 0.007409 0.004853 -0.2814
84  112.2  0.0001 0.3836 0.01805 0.003 -0.002487 0.006197 -0.2306
46  112.2  0.0001 0.3839 0.01767 0.003 0.007435 0.004912 -0.2822
163  112.2  0.0001 0.3837 0.01814 0.003 -0.00283 0.01107 -0.2322
184  112.2  0.0001 0.3839 0.0176 0.003 0.007456 0.004958 -0.283
49  112.2  0.0001 0.3839 0.01753 0.003 0.007475 0.004997 -0.2838
36  112.2  0.0001 0.3839 0.01748 0.003 0.007573 0.005343 -0.2845
225  112.2  0.0001 0.3839 0.01743 0.003 0.00766 0.00569 -0.2851
9  112.3  0.0001 0.3839 0.01747 0.003 0.00667 0.008874 -0.286
4  112.3  0.0001 0.3839 0.01747 0.003 0.006631 0.01014 -0.2867
57  112.3  0.0001 0.3839 0.01746 0.003 0.006739 0.01124 -0.2874
45  112.3  0.0001 0.3839 0.01747 0.003 0.006867 0.01243 -0.288
33  112.3  0.0001 0.384 0.01747 0.003 0.007864 0.01324 -0.2885
30  112.3  0.0001 0.384 0.01747 0.003 0.008503 0.01426 -0.289
119  112.3  0.0001 0.384 0.01748 0.003 0.008962 0.01539 -0.2895
90  112.3  0.0001 0.384 0.01749 0.003 0.009422 0.01653 -0.2899
300  112.3  0.0001 0.3841 0.0175 0.003 0.009875 0.01765 -0.2904
172  113.8  0.0001 0.3837 0.01868 0.003 0.007863 0.001352 -0.2736
110  113.8  0.0001 0.3837 0.01887 0.003 0.007857 0.001482 -0.2729
66  113.8  0.0001 0.3837 0.01906 0.003 0.007804 -0.001524 -0.272
159  113.8  0.0001 0.3837 0.01876 0.003 0.007858 0.001487 -0.2733
97  113.8  0.0001 0.3837 0.01903 0.003 0.007841 0.001523 -0.2723
93  113.8  0.0001 0.3837 0.01828 0.003 0.007797 0.001558 -0.275
122  113.8  0.0001 0.3837 0.01819 0.003 0.007781 0.00156 -0.2753
2  113.8  0.0001 0.3837 0.01894 0.003 0.00786 0.001502 -0.2726
237  113.8  0.0001 0.3835 0.01906 0.003 0.01002 0.03421 -0.2398
161  113.8  0.0001 0.3837 0.01883 0.003 0.007852 0.001492 -0.273
166  113.8  0.0001 0.3837 0.01911 0.003 0.007731 0.001533 -0.272
120  113.8  0.0001 0.3849 0.01992 0.003 -0.01568 0.04601 -0.1924
134  113.8  0.0001 0.3837 0.01873 0.003 0.007847 0.001495 -0.2734
145  113.8  0.0001 0.3837 0.01837 0.003 0.007681 0.001176 -0.2746
207  113.8  0.0001 0.3837 0.01828 0.003 0.007816 0.001259 -0.275
32  113.8  0.0001 0.3837 0.019 0.003 0.007848 0.001456 -0.2724
16  113.8  0.0001 0.3837 0.01819 0.003 0.007835 0.001543 -0.2754
68  113.9  0.0001 0.3839 0.01924 0.003 0.0312 0.03606 -0.2561
60  113.9  0.0001 0.3835 0.01877 0.003 0.005845 -0.002747 -0.2098
175  113.9  0.0001 0.3837 0.0188 0.003 0.007846 0.001517 -0.2731
21  113.9  0.0001 0.3837 0.01908 0.003 0.007901 0.00155 -0.2721
75  113.9  0.0001 0.3837 0.01819 0.003 0.007524 0.004576 -0.2764
61  113.9  0.0001 0.3837 0.01871 0.003 0.007845 0.001518 -0.2735
27  113.9  0.0001 0.3837 0.01834 0.003 0.007802 0.00152 -0.2748
251  113.9  0.0001 0.3837 0.01896 0.003 0.00784 0.001534 -0.2726
211  113.9  0.0001 0.3837 0.01825 0.003 0.007777 0.001554 -0.2751
54  113.9  0.0001 0.3836 0.01924 0.003 0.01237 0.05031 -0.2293
89  113.9  0.0001 0.3837 0.01887 0.003 0.007833 0.001536 -0.2729
23  113.9  0.0001 0.3838 0.01801 0.003 0.007581 0.003986 -0.2782
178  113.9  0.0001 0.3837 0.01914 0.003 0.007821 -0.0009228 -0.2722
255  113.9  0.0001 0.3837 0.01815 0.003 0.007381 0.005437 -0.2771
286  113.9  0.0001 0.3837 0.01822 0.003 0.007582 0.003635 -0.2758
197  113.9  0.0001 0.3837 0.01911 0.003 0.007821 0.001535 -0.272
19  113.9  0.0001 0.3837 0.01877 0.003 0.007829 0.001539 -0.2732
1  113.9  0.0001 0.3837 0.01902 0.003 0.007893 0.001552 -0.2723
11  113.9  0.0001 0.3837 0.01868 0.003 0.007822 0.001541 -0.2736
35  113.9  0.0001 0.3838 0.01766 0.003 0.01248 -0.04382 -0.2482
40  113.9  0.0001 0.3837 0.01893 0.003 0.007895 0.001553 -0.2727
284  113.9  0.0001 0.3836 0.0193 0.003 0.007745 0.04111 -0.2199
140  113.9  0.0001 0.3837 0.01825 0.003 0.007831 0.001562 -0.2752
114  113.9  0.0001 0.3836 0.01805 0.003 -0.002485 0.005019 -0.2285
37  113.9  0.0001 0.3838 0.01799 0.003 0.007813 0.002212 -0.2778
130  113.9  0.0001 0.3837 0.01813 0.003 0.007765 0.003539 -0.2768
125  113.9  0.0001 0.3837 0.01884 0.003 0.0079 0.001557 -0.273
264  113.9  0.0001 0.3839 0.01742 0.003 0.01389 -0.02397 -0.26
67  113.9  0.0001 0.3843 0.01972 0.003 0.03855 0.06498 -0.2155
247  113.9  0.0001 0.3836 0.01855 0.003 -0.004633 0.04902 -0.2521
167  113.9  0.0001 0.3837 0.01828 0.003 0.007443 0.005292 -0.2756
117  113.9  0.0001 0.3837 0.01874 0.003 0.007902 0.001557 -0.2733
290  113.9  0.0001 0.3839 0.01768 0.003 0.007535 0.004533 -0.2821
146  113.9  0.0001 0.3839 0.01822 0.003 0.01405 0.002455 -0.2784
77  113.9  0.0001 0.3837 0.01865 0.003 0.007908 0.001562 -0.2737
101  113.9  0.0001 0.3838 0.01744 0.003 0.03079 -0.05337 -0.2106
91  113.9  0.0001 0.3837 0.0183 0.003 0.007842 0.001561 -0.275
258  113.9  0.0001 0.3838 0.01767 0.003 0.008202 -0.0005108 -0.2804
217  113.9  0.0001 0.3836 0.01865 0.003 0.003717 0.005735 -0.2077
126  113.9  0.0001 0.3837 0.01821 0.003 0.005009 0.01461 -0.2711
94  113.9  0.0001 0.3837 0.0182 0.003 0.00734 0.003734 -0.2753
277  113.9  0.0001 0.3839 0.0181 0.003 0.02842 0.003405 -0.2603
275  113.9  0.0001 0.3836 0.01819 0.003 -0.007155 0.01598 -0.2397
250  113.9  0.0001 0.3838 0.01791 0.003 0.01196 -0.03775 -0.2529
203   114  0.0001 0.3837 0.01836 0.003 0.007896 0.001518 -0.2748
7   114  0.0001 0.3836 0.01935 0.003 0.007028 0.03562 -0.2197
15   114  0.0001 0.3836 0.01812 0.003 -0.005409 0.009767 -0.2172
132   114  0.0001 0.3839 0.01769 0.003 0.007448 0.005062 -0.2821
34   114  0.0001 0.3845 0.01732 0.003 0.04183 -0.01184 -0.2089
48   114  0.0001 0.3837 0.01827 0.003 0.007953 0.001616 -0.2751
63   114  0.0001 0.3837 0.01811 0.003 0.00761 0.002526 -0.2766
212   114  0.0001 0.3838 0.01807 0.003 0.007649 0.004777 -0.2778
153   114  0.0001 0.3837 0.01825 0.003 0.008062 0.003923 -0.2755
108   114  0.0001 0.3839 0.01762 0.003 0.007428 0.005137 -0.2828
18   114  0.0001 0.3835 0.01886 0.003 0.003519 0.04854 -0.2276
219   114  0.0001 0.3839 0.01756 0.003 0.007402 0.005275 -0.2835
22   114  0.0001 0.3838 0.01775 0.003 0.007516 0.00521 -0.2815
106   114  0.0001 0.3837 0.01814 0.003 0.007515 0.004764 -0.277
151   114  0.0001 0.3843 0.01686 0.003 0.03534 -0.02724 -0.2057
281   114  0.0001 0.3836 0.01852 0.003 0.004468 0.02878 -0.211
138   114  0.0001 0.3846 0.01766 0.003 0.06132 0.01844 -0.2424
273   114  0.0001 0.384 0.01725 0.003 0.01656 -0.01027 -0.2093
171   114  0.0001 0.384 0.01759 0.003 0.02311 -0.003717 -0.2672
234   114  0.0001 0.3842 0.01739 0.003 0.02865 0.0001084 -0.215
41   114  0.0001 0.3837 0.01769 0.003 0.021 -0.01403 -0.2492
62   114  0.0001 0.3837 0.01796 0.003 -0.003894 0.02056 -0.2246
128   114  0.0001 0.3839 0.0174 0.003 0.007572 0.004372 -0.285
194   114  0.0001 0.3837 0.01892 0.003 0.001572 0.04524 -0.2338
44   114  0.0001 0.3839 0.01753 0.003 0.00774 0.003263 -0.2833
69   114  0.0001 0.384 0.01758 0.003 0.01329 0.002095 -0.2848
260   114  0.0001 0.3836 0.01851 0.003 -0.01109 0.04087 -0.2576
199   114  0.0001 0.3839 0.01738 0.003 0.006838 0.005818 -0.286
293   114  0.0001 0.3842 0.01748 0.003 0.04102 -0.006365 -0.2333
113   114  0.0001 0.3836 0.01831 0.003 0.007088 0.02062 -0.2361
183   114  0.0001 0.3841 0.01749 0.003 0.01394 0.001426 -0.2857
248   114  0.0001 0.3842 0.01662 0.003 0.03733 -0.05928 -0.2418
261   114  0.0001 0.3839 0.01738 0.003 0.009157 -0.01904 -0.2377
278   114  0.0001 0.3841 0.01815 0.003 0.02717 0.04359 -0.2413
42   114  0.0001 0.384 0.01763 0.003 0.013 0.002214 -0.284
74   114  0.0001 0.3839 0.01746 0.003 0.007801 0.004908 -0.2846
144   114  0.0001 0.3839 0.01763 0.003 0.007654 0.00519 -0.2828
38   114  0.0001 0.3836 0.01818 0.003 -0.005926 0.009349 -0.2221
95   114  0.0001 0.3838 0.01815 0.003 -0.006066 0.009778 -0.2211
269   114  0.0001 0.384 0.01762 0.003 0.01303 0.00412 -0.2845
157   114  0.0001 0.3839 0.0174 0.003 0.007695 0.005324 -0.2853
266   114  0.0001 0.3839 0.01758 0.003 0.007613 0.005585 -0.2834
195   114  0.0001 0.3837 0.01817 0.003 -0.002116 0.009285 -0.2301
111   114  0.0001 0.3839 0.01737 0.003 0.007489 0.006135 -0.2863
86   114  0.0001 0.3839 0.01753 0.003 0.007656 0.005794 -0.2841
56  114.1  0.0001 0.3844 0.01716 0.003 0.03606 -0.02731 -0.2388
168  114.1  0.0001 0.384 0.01732 0.003 0.007397 0.006179 -0.2873
287  114.1  0.0001 0.3838 0.01775 0.003 0.006915 0.007704 -0.2822
214  114.1  0.0001 0.3839 0.01748 0.003 0.00776 0.006143 -0.2847
10  114.1  0.0001 0.3836 0.01876 0.003 -0.007019 0.04268 -0.2131
105  114.1  0.0001 0.384 0.01731 0.003 0.007833 0.007241 -0.2882
103  114.1  0.0001 0.3844 0.01734 0.003 0.05078 -0.002461 -0.2562
267  114.1  0.0001 0.3841 0.0172 0.003 0.02517 -0.01348 -0.234
142  114.1  0.0001 0.3839 0.01748 0.003 0.006846 0.009419 -0.2862
20  114.1  0.0001 0.3839 0.01766 0.003 0.007405 0.00813 -0.2834
29  114.1  0.0001 0.384 0.01728 0.003 0.00749 0.007576 -0.2889
218  114.1  0.0001 0.384 0.01774 0.003 0.0104 0.01083 -0.2862
135  114.1  0.0001 0.3842 0.01755 0.003 0.03917 -0.001989 -0.2485
118  114.1  0.0001 0.384 0.01777 0.003 0.01 0.01341 -0.2868
116  114.1  0.0001 0.3839 0.01744 0.003 0.007183 0.009489 -0.2869
136  114.1  0.0001 0.384 0.01725 0.003 0.008206 0.007965 -0.2897
232  114.1  0.0001 0.3837 0.01765 0.003 -0.009669 0.009033 -0.2401
139  114.1  0.0001 0.3839 0.01761 0.003 0.008087 0.009453 -0.2844
191  114.1  0.0001 0.384 0.01745 0.003 0.007298 0.01108 -0.2876
271  114.1  0.0001 0.384 0.01728 0.003 0.007742 0.01018 -0.2903
115  114.1  0.0001 0.3839 0.01762 0.003 0.008332 0.01127 -0.2849
202  114.1  0.0001 0.384 0.01747 0.003 0.007562 0.01293 -0.2882
137  114.1  0.0001 0.384 0.01731 0.003 0.008103 0.01222 -0.2909
150  114.1  0.0001 0.3839 0.01765 0.003 0.008517 0.01357 -0.2853
5  114.1  0.0001 0.384 0.0175 0.003 0.008019 0.01482 -0.2888
193  114.1  0.0001 0.3841 0.01734 0.003 0.00837 0.01405 -0.2914
173  114.1  0.0001 0.384 0.01766 0.003 0.008894 0.01505 -0.2857
88  114.1  0.0001 0.384 0.01753 0.003 0.008522 0.01668 -0.2893
124  114.1  0.0001 0.3841 0.01737 0.003 0.008822 0.01601 -0.2919
294  114.1  0.0001 0.384 0.01772 0.003 0.01096 0.01805 -0.286
8  114.1  0.0001 0.384 0.01756 0.003 0.009045 0.01859 -0.2897
180  114.1  0.0001 0.3839 0.01774 0.003 0.008179 0.01971 -0.287
297  114.1  0.0001 0.384 0.01759 0.003 0.009409 0.02037 -0.2901
236  114.1  0.0001 0.384 0.01776 0.003 0.009279 0.02107 -0.2873
182  114.1  0.0001 0.3841 0.01762 0.003 0.009888 0.02204 -0.2905
270  114.1  0.0001 0.384 0.01778 0.003 0.00946 0.02269 -0.2877
58  114.1  0.0001 0.384 0.01781 0.003 0.00991 0.0241 -0.288
292  114.1  0.0001 0.384 0.01783 0.003 0.01035 0.02557 -0.2884
17  114.1  0.0001 0.384 0.01785 0.003 0.01075 0.02681 -0.2887
98  114.1  0.0001 0.3841 0.01787 0.003 0.01112 0.02794 -0.289
233  114.1  0.0001 0.3841 0.01788 0.003 0.01147 0.02902 -0.2893
164  114.1  0.0001 0.3841 0.0179 0.003 0.01183 0.03008 -0.2895
169  114.1  0.0001 0.3841 0.01792 0.003 0.01218 0.03115 -0.2898
73  114.1  0.0001 0.3843 0.01708 0.003 0.0406 -0.02015 -0.2107
13  114.1  0.0001 0.3842 0.01707 0.003 0.03631 -0.01978 -0.2104
55  114.1  0.0001 0.3846 0.01706 0.003 0.03979 -0.008447 -0.2077
65  114.1  0.0001 0.3847 0.01725 0.003 0.04431 -0.0005528 -0.2084
31  114.1  0.0001 0.3842 0.01799 0.003 -0.001042 -0.01427 -0.2102
47  114.2  0.0001 0.3841 0.01734 0.003 0.01265 0.008898 -0.2224
231  115.7  0.0001 0.3837 0.01874 0.003 0.007885 0.001481 -0.2733
282  115.7  0.0001 0.3837 0.01889 0.003 0.007802 0.001548 -0.2728
288  115.7  0.0001 0.3837 0.01865 0.003 0.007808 0.001549 -0.2737
208  115.7  0.0001 0.3835 0.01881 0.003 0.005962 0.007769 -0.2218
244  115.7  0.0001 0.3839 0.01722 0.003 0.02938 -0.05257 -0.2026
227  115.7  0.0001 0.3837 0.0188 0.003 0.00781 0.001225 -0.2731
206  115.7  0.0001 0.3837 0.0189 0.003 0.00784 0.001534 -0.2728
259  115.7  0.0001 0.3842 0.01925 0.003 0.03763 0.04798 -0.2312
252  115.7  0.0001 0.3837 0.01864 0.003 0.007823 0.000798 -0.2736
256  115.7  0.0001 0.3837 0.01904 0.003 0.007874 0.001521 -0.2723
99  115.7  0.0001 0.3837 0.01874 0.003 0.007999 0.001041 -0.2733
285  115.8  0.0001 0.3837 0.01844 0.003 0.00763 0.002648 -0.2096
107  115.8  0.0001 0.3838 0.01824 0.003 0.01438 -0.006691 -0.2679
241  115.8  0.0001 0.3837 0.01893 0.003 0.007876 0.00152 -0.2727
190  115.8  0.0001 0.3837 0.01824 0.003 0.007709 0.001426 -0.2751
220  115.8  0.0001 0.3835 0.01846 0.003 0.005776 0.006743 -0.2224
242  115.8  0.0001 0.3837 0.01882 0.003 0.007879 0.001519 -0.2731
245  115.8  0.0001 0.3837 0.01928 0.003 0.00541 0.04595 -0.2456
209  115.8  0.0001 0.3838 0.01768 0.003 0.01316 -0.0486 -0.2451
274  115.8  0.0001 0.3837 0.01822 0.003 0.007889 0.002751 -0.2754
265  115.8  0.0001 0.3837 0.01871 0.003 0.007883 0.00152 -0.2735
162  115.8  0.0001 0.3837 0.01816 0.003 0.007795 0.004477 -0.2767
279  115.8  0.0001 0.3838 0.01801 0.003 0.007666 0.004106 -0.2783
83  115.8  0.0001 0.3837 0.01824 0.003 0.008118 0.000613 -0.2751
216  115.8  0.0001 0.3839 0.01989 0.003 0.01276 0.06857 -0.2141
179  115.8  0.0001 0.3837 0.01821 0.003 0.007718 0.00398 -0.276
170  115.8  0.0001 0.3838 0.01811 0.003 0.007392 0.005017 -0.2774
165  115.8  0.0001 0.3836 0.01854 0.003 0.0005321 0.01408 -0.2395
243  115.8  0.0001 0.3837 0.01792 0.003 0.006234 -0.02641 -0.2248
14  115.8  0.0001 0.3837 0.01825 0.003 0.007867 0.002346 -0.2752
221  115.8  0.0001 0.3838 0.01835 0.003 0.008683 0.006487 -0.2784
131  115.8  0.0001 0.3838 0.01799 0.003 0.007393 0.002891 -0.278
239  115.8  0.0001 0.3837 0.01817 0.003 0.005386 0.001767 -0.2556
226  115.8  0.0001 0.3836 0.0184 0.003 -0.0007917 0.01707 -0.2453
272  115.8  0.0001 0.3837 0.01813 0.003 0.007472 0.004612 -0.277
154  115.8  0.0001 0.3841 0.01821 0.003 0.007618 0.01354 -0.2169
230  115.8  0.0001 0.3839 0.0177 0.003 0.007707 0.003992 -0.2816
79  115.8  0.0001 0.3838 0.01805 0.003 0.007521 0.004764 -0.278
280  115.8  0.0001 0.3839 0.01762 0.003 0.007714 0.004063 -0.2825
196  115.9  0.0001 0.3836 0.01837 0.003 -0.002981 0.01512 -0.2258
82  115.9  0.0001 0.3839 0.01755 0.003 0.007707 0.004146 -0.2833
223  115.9  0.0001 0.3835 0.01837 0.003 -0.008808 0.02537 -0.2459
204  115.9  0.0001 0.3838 0.01766 0.003 0.01293 0.004205 -0.2306
253  115.9  0.0001 0.3839 0.01748 0.003 0.007712 0.004362 -0.2842
229  115.9  0.0001 0.3843 0.01755 0.003 0.02834 -0.007666 -0.2269
298  115.9  0.0001 0.3838 0.01841 0.003 0.01516 0.02109 -0.2098
192  115.9  0.0001 0.3839 0.01765 0.003 0.007621 0.004571 -0.2824
257  115.9  0.0001 0.3839 0.01759 0.003 0.007604 0.004795 -0.2831
152  115.9  0.0001 0.3837 0.01823 0.003 -0.001791 0.01183 -0.2304
296  115.9  0.0001 0.3839 0.01752 0.003 0.00759 0.004909 -0.2839
127  115.9  0.0001 0.3844 0.01727 0.003 0.04407 -0.01733 -0.2092
295  115.9  0.0001 0.3839 0.0177 0.003 0.007509 0.005197 -0.282
112  115.9  0.0001 0.3839 0.01747 0.003 0.007601 0.005313 -0.2846
198  115.9  0.0001 0.3839 0.01766 0.003 0.00769 0.005949 -0.2827
174  115.9  0.0001 0.3839 0.01742 0.003 0.007651 0.005619 -0.2852
205  115.9  0.0001 0.3839 0.0176 0.003 0.007683 0.005881 -0.2834
276  115.9  0.0001 0.3839 0.01741 0.003 0.007393 0.00712 -0.2862
283  115.9  0.0001 0.3839 0.01756 0.003 0.00779 0.00641 -0.284
238  115.9  0.0001 0.384 0.01737 0.003 0.007513 0.007318 -0.287
143  115.9  0.0001 0.3839 0.01754 0.003 0.007928 0.007317 -0.2845
263  115.9  0.0001 0.384 0.01737 0.003 0.007708 0.008435 -0.2877
200  115.9  0.0001 0.3839 0.01752 0.003 0.008067 0.008344 -0.285
254  115.9  0.0001 0.384 0.01738 0.003 0.007958 0.009991 -0.2884
291  115.9  0.0001 0.3839 0.01753 0.003 0.008267 0.009989 -0.2855
246  115.9  0.0001 0.3839 0.01757 0.003 0.007106 0.01291 -0.2863
185  115.9  0.0001 0.384 0.01739 0.003 0.00822 0.01146 -0.289
215  115.9  0.0001 0.3839 0.01759 0.003 0.007259 0.01439 -0.2868
123  115.9  0.0001 0.384 0.01741 0.003 0.008529 0.01291 -0.2895
249   116  0.0001 0.384 0.0176 0.003 0.008002 0.01554 -0.2873
156   116  0.0001 0.384 0.01742 0.003 0.008809 0.01423 -0.29
262   116  0.0001 0.384 0.01761 0.003 0.008369 0.01675 -0.2877
52   116  0.0001 0.384 0.01762 0.003 0.008784 0.01789 -0.2882
228   116  0.0001 0.384 0.01764 0.003 0.009207 0.01909 -0.2886
240   116  0.0001 0.384 0.01765 0.003 0.009618 0.02025 -0.289
71   116  0.0001 0.384 0.01766 0.003 0.01003 0.0214 -0.2893
78   116  0.0001 0.3841 0.01768 0.003 0.01045 0.0226 -0.2897
158   116  0.0001 0.3841 0.01769 0.003 0.01084 0.02371 -0.29
155   116  0.0001 0.3841 0.01771 0.003 0.01124 0.02482 -0.2903
81   116  0.0001 0.3841 0.01773 0.003 0.01164 0.02593 -0.2906
186   116  0.0001 0.3841 0.01772 0.003 0.01196 0.02636 -0.291
