# ID time  diameter x y z u v w  (ex ey ez, color)
84  62.51  0.0001 0.3837 0.01827 0.003 0.009238 -0.005714 -0.2715
49  62.51  0.0001 0.3837 0.01825 0.003 0.008891 0.001177 -0.2752
9  62.51  0.0001 0.3837 0.01823 0.003 0.008616 0.003804 -0.2757
70  62.52  0.0001 0.3838 0.01814 0.003 0.008635 0.003792 -0.2768
26  62.53  0.0001 0.3838 0.01804 0.003 0.008655 0.003781 -0.2778
39  62.54  0.0001 0.3836 0.01944 0.003 -0.008076 0.07838 -0.2134
53  62.56  0.0001 0.3846 0.01749 0.003 0.05376 -0.009214 -0.2461
57  62.56  0.0001 0.3839 0.0176 0.003 0.008301 0.004176 -0.2828
45  62.57  0.0001 0.3839 0.01751 0.003 0.008345 0.004186 -0.2838
33  62.58  0.0001 0.3839 0.01743 0.003 0.008425 0.004376 -0.2848
24  62.58  0.0001 0.3837 0.01814 0.003 -0.00119 0.01025 -0.2133
6  62.58  0.0001 0.384 0.01742 0.003 0.0089 0.006667 -0.2856
51  63.47  0.0001 0.3837 0.01881 0.003 0.008433 0.001627 -0.2732
135  63.48  0.0001 0.3837 0.01888 0.003 0.008704 0.001299 -0.2729
159  63.48  0.0001 0.3839 0.01883 0.003 0.01718 0.002554 -0.2733
31  63.48  0.0001 0.3837 0.01871 0.003 0.008358 0.001615 -0.2735
69  63.49  0.0001 0.3837 0.01904 0.003 0.008754 0.001106 -0.2723
108  63.49  0.0001 0.3837 0.01894 0.003 0.008672 0.001241 -0.2727
119  63.5  0.0001 0.3837 0.01885 0.003 0.008678 0.001287 -0.273
90  63.5  0.0001 0.3838 0.01821 0.003 0.009561 -0.001612 -0.2751
89  63.5  0.0001 0.3837 0.0191 0.003 0.008845 0.0011 -0.2721
72  63.5  0.0001 0.3837 0.01875 0.003 0.008695 0.001358 -0.2734
222  63.5  0.0001 0.3849 0.01992 0.003 -0.01881 0.05076 -0.179
129  63.5  0.0001 0.3839 0.01722 0.003 0.02575 -0.04212 -0.2035
36  63.5  0.0001 0.3836 0.01855 0.003 0.01476 -0.005359 -0.2257
63  63.5  0.0001 0.3837 0.01901 0.003 0.008823 0.001293 -0.2724
11  63.5  0.0001 0.384 0.01887 0.003 0.02617 0.01702 -0.2287
28  63.51  0.0001 0.3837 0.01822 0.003 0.008651 0.001558 -0.2753
137  63.51  0.0001 0.3837 0.01891 0.003 0.008835 0.001308 -0.2728
54  63.51  0.0001 0.3837 0.01882 0.003 0.00886 0.001374 -0.2731
217  63.51  0.0001 0.3839 0.01896 0.003 0.02022 0.02855 -0.2464
44  63.51  0.0001 0.3844 0.01779 0.003 0.04406 -0.01427 -0.2402
60  63.51  0.0001 0.3837 0.01807 0.003 0.01479 -0.02086 -0.232
189  63.52  0.0001 0.384 0.01787 0.003 0.0263 -0.006256 -0.2184
193  63.52  0.0001 0.3837 0.01873 0.003 0.008927 0.001609 -0.2735
171  63.52  0.0001 0.3837 0.01864 0.003 0.008572 0.001707 -0.2738
67  63.52  0.0001 0.3837 0.01825 0.003 0.007814 0.004974 -0.2759
94  63.52  0.0001 0.3837 0.01836 0.003 0.008609 0.001847 -0.2748
21  63.52  0.0001 0.3838 0.01812 0.003 0.008539 0.004061 -0.277
184  63.52  0.0001 0.3838 0.01834 0.003 0.009339 0.004142 -0.2752
95  63.53  0.0001 0.3839 0.01818 0.003 0.01251 0.0008495 -0.2757
109  63.53  0.0001 0.3837 0.01921 0.003 0.005627 0.04261 -0.2469
86  63.53  0.0001 0.3839 0.01867 0.003 0.01414 0.04253 -0.2452
121  63.53  0.0001 0.3837 0.01778 0.003 0.02721 -0.02428 -0.2181
270  63.53  0.0001 0.3838 0.01816 0.003 0.008892 0.00332 -0.2764
173  63.54  0.0001 0.3838 0.01761 0.003 0.0118 -0.05211 -0.2441
19  63.54  0.0001 0.3837 0.01829 0.003 0.00907 0.001922 -0.2751
133  63.54  0.0001 0.3838 0.01809 0.003 0.009825 0.003703 -0.2774
35  63.54  0.0001 0.384 0.01739 0.003 0.01702 -0.01966 -0.2714
100  63.54  0.0001 0.3838 0.0183 0.003 0.01763 0.02056 -0.2202
182  63.54  0.0001 0.3837 0.01829 0.003 0.002141 0.009731 -0.2741
93  63.54  0.0001 0.3838 0.01803 0.003 0.009911 0.004187 -0.2781
132  63.54  0.0001 0.3841 0.01769 0.003 0.03205 0.002346 -0.229
56  63.54  0.0001 0.3835 0.01961 0.003 0.00746 0.04997 -0.2127
115  63.55  0.0001 0.3837 0.01895 0.003 -0.002241 0.05714 -0.2318
187  63.55  0.0001 0.3838 0.01819 0.003 0.008762 0.004427 -0.2764
110  63.55  0.0001 0.384 0.01756 0.003 0.01337 -0.004084 -0.2826
1  63.55  0.0001 0.3837 0.01818 0.003 0.003456 0.01254 -0.2729
62  63.56  0.0001 0.3839 0.01768 0.003 0.009231 0.003847 -0.2819
38  63.56  0.0001 0.3839 0.0176 0.003 0.009186 0.00394 -0.2828
7  63.57  0.0001 0.3843 0.01889 0.003 0.02142 0.04498 -0.2136
42  63.57  0.0001 0.3839 0.01753 0.003 0.009115 0.004047 -0.2836
213  63.57  0.0001 0.3844 0.01836 0.003 0.04803 0.01761 -0.213
134  63.57  0.0001 0.3837 0.01806 0.003 0.007227 0.007374 -0.2113
73  63.57  0.0001 0.384 0.01746 0.003 0.009275 0.004307 -0.2844
203  63.57  0.0001 0.3841 0.01679 0.003 0.03198 -0.04677 -0.2296
88  63.57  0.0001 0.3839 0.01765 0.003 0.008865 0.005028 -0.2826
116  63.58  0.0001 0.3838 0.01877 0.003 -0.003046 0.03197 -0.2158
4  63.58  0.0001 0.384 0.01741 0.003 0.009331 0.004917 -0.2852
125  63.58  0.0001 0.3839 0.01759 0.003 0.009027 0.005504 -0.2834
219  63.58  0.0001 0.3837 0.01857 0.003 -0.005791 0.02952 -0.2121
251  63.58  0.0001 0.3841 0.01707 0.003 0.02652 -0.03097 -0.2242
37  63.58  0.0001 0.384 0.01734 0.003 0.009457 0.004929 -0.2863
188  63.59  0.0001 0.3839 0.01753 0.003 0.008817 0.005667 -0.2841
138  63.59  0.0001 0.3841 0.017 0.003 0.01932 -0.04651 -0.239
300  63.59  0.0001 0.3839 0.01771 0.003 0.008649 0.00608 -0.2823
48  63.59  0.0001 0.3836 0.0188 0.003 -0.0079 0.04113 -0.2245
22  63.59  0.0001 0.384 0.0173 0.003 0.00944 0.005277 -0.2874
68  63.59  0.0001 0.3839 0.01748 0.003 0.00879 0.006177 -0.2848
92  63.59  0.0001 0.3839 0.01767 0.003 0.008833 0.006961 -0.283
10  63.59  0.0001 0.384 0.01726 0.003 0.009846 0.005681 -0.2884
214  63.6  0.0001 0.384 0.01745 0.003 0.009174 0.007321 -0.2856
96  63.6  0.0001 0.3839 0.01762 0.003 0.008945 0.007451 -0.2837
166  63.6  0.0001 0.3836 0.01881 0.003 -0.006734 0.03904 -0.2152
297  63.6  0.0001 0.3836 0.01881 0.003 -0.003759 0.009943 -0.2086
80  63.6  0.0001 0.384 0.0174 0.003 0.009275 0.007383 -0.2867
120  63.6  0.0001 0.3841 0.01724 0.003 0.009507 0.007 -0.2893
122  63.6  0.0001 0.3839 0.0176 0.003 0.009151 0.008582 -0.2844
225  63.6  0.0001 0.384 0.01736 0.003 0.009808 0.007839 -0.2876
234  63.61  0.0001 0.384 0.01756 0.003 0.009253 0.009069 -0.285
87  63.61  0.0001 0.384 0.01736 0.003 0.01011 0.009124 -0.2884
140  63.61  0.0001 0.384 0.01755 0.003 0.009514 0.01068 -0.2856
77  63.61  0.0001 0.384 0.01754 0.003 0.009079 0.01195 -0.2865
211  63.61  0.0001 0.3841 0.01735 0.003 0.01042 0.01042 -0.2892
2  63.62  0.0001 0.384 0.01753 0.003 0.01004 0.01285 -0.2872
210  63.62  0.0001 0.3841 0.01735 0.003 0.01071 0.01171 -0.29
111  63.62  0.0001 0.384 0.01752 0.003 0.01056 0.01386 -0.2879
8  63.62  0.0001 0.3841 0.01736 0.003 0.01064 0.01327 -0.2907
191  63.62  0.0001 0.3841 0.01751 0.003 0.01103 0.01465 -0.2885
124  63.62  0.0001 0.3841 0.01736 0.003 0.01106 0.01453 -0.2913
149  63.63  0.0001 0.3841 0.01751 0.003 0.01161 0.0159 -0.2892
98  63.63  0.0001 0.3841 0.01736 0.003 0.01132 0.0156 -0.2919
17  63.63  0.0001 0.3841 0.01751 0.003 0.01207 0.01663 -0.2898
128  63.63  0.0001 0.3841 0.0175 0.003 0.01259 0.01755 -0.2903
30  63.64  0.0001 0.3842 0.0175 0.003 0.01307 0.01833 -0.2908
74  63.64  0.0001 0.3842 0.0175 0.003 0.01291 0.01939 -0.2914
47  63.64  0.0001 0.3842 0.0175 0.003 0.01349 0.02014 -0.2919
41  63.64  0.0001 0.3842 0.01749 0.003 0.01376 0.02098 -0.2924
61  63.65  0.0001 0.3842 0.01749 0.003 0.01409 0.0218 -0.2928
5  63.65  0.0001 0.3842 0.01749 0.003 0.01442 0.02265 -0.2933
13  63.65  0.0001 0.3843 0.01749 0.003 0.0147 0.02327 -0.2937
29  63.66  0.0001 0.3843 0.01745 0.003 0.01484 0.02292 -0.2943
23  64.49  0.0001 0.3837 0.01893 0.003 0.00866 0.001312 -0.2727
14  64.49  0.0001 0.3837 0.01909 0.003 0.00846 0.001723 -0.2721
292  64.5  0.0001 0.3837 0.01879 0.003 0.008671 0.001116 -0.2732
212  64.51  0.0001 0.3837 0.01896 0.003 0.008627 0.0008757 -0.2725
162  64.51  0.0001 0.3837 0.01886 0.003 0.008675 0.001283 -0.273
208  64.51  0.0001 0.3837 0.01828 0.003 0.008659 0.001181 -0.2751
194  64.51  0.0001 0.3837 0.01908 0.003 0.00859 0.001624 -0.2722
199  64.51  0.0001 0.3837 0.01875 0.003 0.008666 0.001262 -0.2733
52  64.52  0.0001 0.3837 0.01819 0.003 0.008648 0.001191 -0.2754
201  64.52  0.0001 0.3837 0.01866 0.003 0.008661 0.001294 -0.2737
142  64.52  0.0001 0.3837 0.01835 0.003 0.008653 0.001105 -0.2748
79  64.52  0.0001 0.3837 0.01892 0.003 0.008648 0.001315 -0.2727
198  64.52  0.0001 0.3838 0.01808 0.003 0.009483 0.0007215 -0.2764
167  64.53  0.0001 0.3839 0.01803 0.003 0.01317 -0.004122 -0.2774
271  64.53  0.0001 0.3838 0.01902 0.003 0.01813 0.02583 -0.2595
16  64.53  0.0001 0.3836 0.01895 0.003 -0.00127 0.01475 -0.2547
293  64.53  0.0001 0.3836 0.0179 0.003 0.0224 -0.02777 -0.2243
288  64.53  0.0001 0.3837 0.01827 0.003 0.009032 0.001444 -0.2751
204  64.53  0.0001 0.3837 0.01908 0.003 0.008846 0.001171 -0.2722
179  64.53  0.0001 0.3839 0.01824 0.003 0.01523 -0.001733 -0.2776
286  64.53  0.0001 0.3837 0.01873 0.003 0.008631 0.001383 -0.2735
291  64.53  0.0001 0.3837 0.01899 0.003 0.008847 0.001382 -0.2725
83  64.53  0.0001 0.3838 0.01809 0.003 0.009348 0.00326 -0.2771
71  64.54  0.0001 0.3837 0.01863 0.003 0.008588 0.001448 -0.2738
104  64.54  0.0001 0.3837 0.0189 0.003 0.008873 0.001457 -0.2729
12  64.54  0.0001 0.3838 0.01804 0.003 0.008944 0.004035 -0.278
186  64.54  0.0001 0.3837 0.01954 0.003 -0.002678 0.05785 -0.2285
258  64.54  0.0001 0.384 0.01756 0.003 0.01392 -0.04982 -0.2321
226  64.54  0.0001 0.3836 0.01849 0.003 0.01122 0.009727 -0.2326
248  64.54  0.0001 0.3837 0.01821 0.003 0.008589 0.001554 -0.2753
232  64.54  0.0001 0.3837 0.0188 0.003 0.008904 0.001547 -0.2732
261  64.54  0.0001 0.3841 0.01806 0.003 0.02585 -0.0139 -0.2313
196  64.54  0.0001 0.3838 0.01818 0.003 0.008813 0.003608 -0.2763
255  64.55  0.0001 0.3837 0.01871 0.003 0.008871 0.001373 -0.2736
82  64.55  0.0001 0.3837 0.01836 0.003 0.009042 0.003394 -0.275
243  64.55  0.0001 0.3839 0.01793 0.003 0.02099 -0.01874 -0.2763
150  64.55  0.0001 0.3836 0.01804 0.003 -0.006206 -0.01274 -0.2538
269  64.56  0.0001 0.3838 0.01799 0.003 0.00862 0.003145 -0.2783
256  64.56  0.0001 0.3837 0.01933 0.003 0.004411 0.04118 -0.2386
178  64.56  0.0001 0.3838 0.01823 0.003 0.00902 0.003175 -0.2755
229  64.56  0.0001 0.3836 0.01881 0.003 0.0101 0.0149 -0.2212
123  64.56  0.0001 0.3837 0.01947 0.003 0.002877 0.06128 -0.2244
169  64.56  0.0001 0.384 0.0182 0.003 0.01594 0.001933 -0.2777
66  64.56  0.0001 0.3838 0.0181 0.003 0.009061 0.001505 -0.2765
195  64.56  0.0001 0.3838 0.01764 0.003 0.03076 -0.03148 -0.2031
168  64.57  0.0001 0.3838 0.0177 0.003 0.0108 -0.04603 -0.2475
262  64.57  0.0001 0.3838 0.01809 0.003 0.009015 0.004147 -0.2774
170  64.57  0.0001 0.3838 0.01827 0.003 0.009071 0.001914 -0.2752
165  64.57  0.0001 0.3837 0.01825 0.003 0.008739 0.004385 -0.2757
85  64.57  0.0001 0.3836 0.01948 0.003 0.01377 0.04393 -0.2084
278  64.58  0.0001 0.384 0.01808 0.003 0.01806 0.007778 -0.2495
260  64.58  0.0001 0.3838 0.01817 0.003 0.008769 0.004437 -0.2766
281  64.58  0.0001 0.3836 0.01808 0.003 0.006506 0.007195 -0.2297
233  64.58  0.0001 0.3838 0.01808 0.003 0.008727 0.004151 -0.2775
266  64.59  0.0001 0.3836 0.01818 0.003 0.006306 0.01536 -0.2304
118  64.59  0.0001 0.3839 0.01762 0.003 0.009097 0.004267 -0.2827
275  64.59  0.0001 0.3841 0.0176 0.003 0.01658 -0.0008661 -0.2837
151  64.59  0.0001 0.3838 0.01802 0.003 0.008601 0.004609 -0.2784
268  64.59  0.0001 0.3842 0.01662 0.003 0.03382 -0.04055 -0.2026
91  64.59  0.0001 0.3839 0.01755 0.003 0.009136 0.004462 -0.2835
176  64.6  0.0001 0.384 0.01744 0.003 0.009608 0.003186 -0.2844
185  64.6  0.0001 0.3836 0.01831 0.003 0.002411 0.01932 -0.2149
155  64.6  0.0001 0.3839 0.0177 0.003 -0.007995 -0.02716 -0.2082
147  64.6  0.0001 0.3839 0.01765 0.003 0.009101 0.005037 -0.2826
112  64.6  0.0001 0.3838 0.01899 0.003 -0.003055 0.05164 -0.225
130  64.6  0.0001 0.3847 0.01713 0.003 0.04828 -0.02775 -0.234
202  64.6  0.0001 0.384 0.01742 0.003 0.009162 0.005035 -0.2852
164  64.61  0.0001 0.3841 0.01733 0.003 0.01535 -0.0245 -0.2671
65  64.61  0.0001 0.3845 0.01675 0.003 0.03881 -0.02795 -0.2039
131  64.61  0.0001 0.3839 0.01759 0.003 0.01283 -0.007759 -0.219
106  64.61  0.0001 0.384 0.01731 0.003 0.02057 -0.02606 -0.2821
177  64.61  0.0001 0.3841 0.01757 0.003 0.01624 0.0007484 -0.2845
160  64.61  0.0001 0.3836 0.01884 0.003 0.009385 0.04052 -0.2055
99  64.61  0.0001 0.3838 0.0176 0.003 0.002267 -0.003031 -0.2574
158  64.61  0.0001 0.384 0.01736 0.003 0.009368 0.005553 -0.2862
209  64.61  0.0001 0.3839 0.01755 0.003 0.008836 0.006393 -0.2841
220  64.61  0.0001 0.3837 0.01819 0.003 -0.004367 0.009877 -0.2228
257  64.62  0.0001 0.384 0.01733 0.003 0.009301 0.00634 -0.2873
114  64.62  0.0001 0.3839 0.01774 0.003 0.008817 0.00705 -0.2823
55  64.62  0.0001 0.3839 0.01751 0.003 0.008945 0.00723 -0.2848
264  64.62  0.0001 0.3838 0.01857 0.003 -0.003731 0.03193 -0.2275
101  64.62  0.0001 0.3835 0.01896 0.003 -0.008007 0.04704 -0.2252
153  64.62  0.0001 0.384 0.01733 0.003 0.009391 0.00811 -0.2883
183  64.62  0.0001 0.3839 0.0177 0.003 0.00896 0.007751 -0.283
136  64.62  0.0001 0.3841 0.01704 0.003 0.02081 -0.03288 -0.2489
218  64.62  0.0001 0.384 0.01788 0.003 0.0121 0.03606 -0.2415
148  64.63  0.0001 0.3841 0.01729 0.003 0.01003 0.008287 -0.2892
192  64.63  0.0001 0.3839 0.01766 0.003 0.009095 0.008431 -0.2836
290  64.63  0.0001 0.384 0.01742 0.003 0.009381 0.007912 -0.2865
113  64.63  0.0001 0.3839 0.01764 0.003 0.009306 0.009672 -0.2843
141  64.63  0.0001 0.3841 0.01727 0.003 0.009474 0.009291 -0.2901
76  64.63  0.0001 0.384 0.01743 0.003 0.009234 0.009748 -0.2874
172  64.63  0.0001 0.384 0.01761 0.003 0.00946 0.01056 -0.2848
156  64.63  0.0001 0.3841 0.01727 0.003 0.009758 0.01045 -0.2909
285  64.63  0.0001 0.384 0.01742 0.003 0.009742 0.01091 -0.2882
237  64.64  0.0001 0.384 0.0176 0.003 0.009684 0.01199 -0.2854
242  64.64  0.0001 0.3841 0.01726 0.003 0.01001 0.01176 -0.2917
224  64.64  0.0001 0.384 0.01742 0.003 0.009932 0.01238 -0.289
236  64.64  0.0001 0.384 0.01761 0.003 0.01155 0.01366 -0.2859
200  64.64  0.0001 0.3841 0.01727 0.003 0.01039 0.01325 -0.2924
27  64.64  0.0001 0.3841 0.01743 0.003 0.0103 0.01385 -0.2897
294  64.64  0.0001 0.384 0.0176 0.003 0.009592 0.01497 -0.287
206  64.65  0.0001 0.3841 0.01744 0.003 0.01069 0.0153 -0.2904
284  64.65  0.0001 0.384 0.0176 0.003 0.01077 0.01585 -0.2875
273  64.65  0.0001 0.3841 0.01745 0.003 0.0112 0.01691 -0.291
230  64.65  0.0001 0.3841 0.01761 0.003 0.01134 0.01725 -0.2882
207  64.65  0.0001 0.3841 0.01747 0.003 0.01119 0.01849 -0.2916
287  64.65  0.0001 0.3841 0.01761 0.003 0.01186 0.01844 -0.2887
235  64.66  0.0001 0.3841 0.01762 0.003 0.01244 0.01987 -0.2893
296  64.66  0.0001 0.3841 0.01763 0.003 0.01299 0.0211 -0.2898
146  64.66  0.0001 0.3842 0.01764 0.003 0.01349 0.02214 -0.2903
276  64.66  0.0001 0.3842 0.01764 0.003 0.01402 0.02326 -0.2907
174  64.67  0.0001 0.3842 0.01765 0.003 0.01408 0.02421 -0.2912
216  64.67  0.0001 0.3842 0.01766 0.003 0.01401 0.02531 -0.2917
289  64.67  0.0001 0.3842 0.01765 0.003 0.01473 0.02587 -0.2921
105  64.67  0.0001 0.3842 0.01766 0.003 0.01497 0.0268 -0.2925
97  64.67  0.0001 0.3843 0.01766 0.003 0.01528 0.02759 -0.2929
127  64.68  0.0001 0.3843 0.01766 0.003 0.01559 0.02842 -0.2933
143  64.68  0.0001 0.3843 0.01766 0.003 0.01588 0.02918 -0.2937
107  64.68  0.0001 0.3843 0.01766 0.003 0.01615 0.02979 -0.294
78  64.68  0.0001 0.3843 0.01761 0.003 0.01613 0.02883 -0.2945
279  65.57  0.0001 0.3837 0.01884 0.003 0.008816 0.001198 -0.273
265  65.57  0.0001 0.3837 0.01874 0.003 0.008831 0.001222 -0.2734
190  65.58  0.0001 0.3837 0.01864 0.003 0.008849 0.001249 -0.2738
280  65.59  0.0001 0.3838 0.01784 0.003 0.01034 -0.03755 -0.2511
227  65.6  0.0001 0.3837 0.01826 0.003 0.008971 0.001515 -0.2752
215  65.6  0.0001 0.3837 0.01824 0.003 0.008629 0.004051 -0.2757
295  65.6  0.0001 0.3835 0.01935 0.003 -0.003945 0.04091 -0.2205
272  65.61  0.0001 0.3838 0.01816 0.003 0.008702 0.004125 -0.2766
228  65.61  0.0001 0.3838 0.01808 0.003 0.008716 0.004096 -0.2775
274  65.62  0.0001 0.3838 0.01801 0.003 0.008419 0.004551 -0.2785
299  65.64  0.0001 0.3839 0.01769 0.003 0.008392 0.004781 -0.282
259  65.65  0.0001 0.3836 0.01809 0.003 -0.002722 0.006585 -0.2306
254  65.65  0.0001 0.3839 0.01761 0.003 0.008418 0.004734 -0.2829
246  65.65  0.0001 0.3842 0.0174 0.003 0.0247 -0.005495 -0.2158
249  65.66  0.0001 0.3839 0.01754 0.003 0.008488 0.004904 -0.2837
263  65.66  0.0001 0.3839 0.01748 0.003 0.008623 0.005421 -0.2845
252  65.66  0.0001 0.3836 0.01874 0.003 -0.005296 0.03635 -0.2126
197  65.67  0.0001 0.384 0.01743 0.003 0.008731 0.005822 -0.2853
298  65.67  0.0001 0.384 0.01742 0.003 0.008255 0.007903 -0.2864
240  65.68  0.0001 0.384 0.01739 0.003 0.009206 0.008367 -0.2872
283  65.68  0.0001 0.384 0.01736 0.003 0.009713 0.008848 -0.2881
244  65.69  0.0001 0.3841 0.01733 0.003 0.01024 0.009339 -0.289
239  65.69  0.0001 0.3841 0.0173 0.003 0.01078 0.009836 -0.2898
241  65.7  0.0001 0.3841 0.01728 0.003 0.01134 0.01035 -0.2905
154  66.64  0.0001 0.3838 0.01806 0.003 0.008634 0.003701 -0.2777
